[datetime.datetime(2017, 5, 24, 21, 55, 56, 843227), 30.203994750976562, 29.495834350585938, 35.93947982788086, 1011.3310546875, 357.4436554943858, 329.27147069773287, 143.71711123212148, -26.699085235595703, -23.109607696533203, -0.18978217244148254, 0.045579832047224045, -0.5024735331535339, 0.8444095849990845, -0.03531689941883087, -0.03191380202770233, 0.02558424323797226]
[datetime.datetime(2017, 5, 24, 21, 55, 58, 24608), 30.18644142150879, 29.506250381469727, 35.91624069213867, 1011.34619140625, 356.54895770250505, 327.0650976146707, 145.97958407393153, -55.05509567260742, -47.21540069580078, -0.33140426874160767, 0.043397821485996246, -0.5015086531639099, 0.8405104875564575, -0.03117489442229271, -0.031223390251398087, 0.022499792277812958]
[datetime.datetime(2017, 5, 24, 21, 55, 59, 92288), 30.239105224609375, 29.5, 35.79008102416992, 1011.341796875, 355.8753593239165, 325.3056682052321, 147.92316904377202, -66.80506896972656, -57.09989929199219, 0.16564710438251495, 0.044852495193481445, -0.5017498135566711, 0.842460036277771, -0.02880026027560234, -0.028610385954380035, 0.02134009450674057]
[datetime.datetime(2017, 5, 24, 21, 56, 0, 154272), 30.168886184692383, 29.477083206176758, 36.48395919799805, 1011.337890625, 355.3765813446817, 323.7731445102105, 149.62619475104464, -71.40540313720703, -61.3145866394043, 0.40466755628585815, 0.04630717262625694, -0.5034384727478027, 0.8431911468505859, -0.02804342284798622, -0.027650393545627594, 0.019641099497675896]
Writing to file..
[datetime.datetime(2017, 5, 24, 21, 56, 1, 219470), 30.168886184692383, 29.464584350585938, 36.27479934692383, 1011.35205078125, 354.9260650552354, 322.29744457398886, 151.01467658665987, -73.07926940917969, -63.24131774902344, 0.3751087784767151, 0.04388270899653435, -0.5024735331535339, 0.842460036277771, -0.02793233096599579, -0.026442600414156914, 0.019559429958462715]
[datetime.datetime(2017, 5, 24, 21, 56, 2, 281876), 30.36198616027832, 29.475000381469727, 36.414241790771484, 1011.34619140625, 354.5430254852602, 321.2282604216934, 152.14288723376256, -73.69630432128906, -63.584136962890625, 0.5942592024803162, 0.044852495193481445, -0.5036796927452087, 0.8439221382141113, -0.023757657036185265, -0.022946830838918686, 0.01776534505188465]
[datetime.datetime(2017, 5, 24, 21, 56, 3, 346712), 30.15133285522461, 29.481250762939453, 35.77680206298828, 1011.363525390625, 354.21737103025725, 320.31211348794125, 153.07680631973508, -74.21896362304688, -63.69428634643555, 1.0812698602676392, 0.04388270899653435, -0.5022323131561279, 0.8451406955718994, -0.023061603307724, -0.02086736261844635, 0.015803877264261246]
[datetime.datetime(2017, 5, 24, 21, 56, 4, 407555), 30.32687759399414, 29.5, 35.96271896362305, 1011.3203125, 354.0562840068903, 319.50739084521405, 153.84824886573136, -74.47496032714844, -63.624698638916016, 0.9967027902603149, 0.044610049575567245, -0.5015086531639099, 0.8422163128852844, -0.020698783919215202, -0.02002985216677189, 0.013571513816714287]
[datetime.datetime(2017, 5, 24, 21, 56, 5, 475117), 30.203994750976562, 29.481250762939453, 36.128719329833984, 1011.324951171875, 353.86105372163604, 319.04402398173124, 154.63083828045308, -74.35387420654297, -63.796966552734375, 0.924778163433075, 0.044610049575567245, -0.5044033527374268, 0.8422163128852844, -0.02261909283697605, -0.0189477801322937, 0.015300300903618336]
Writing to file..
[datetime.datetime(2017, 5, 24, 21, 56, 6, 540412), 30.203994750976562, 29.481250762939453, 36.07228088378906, 1011.34326171875, 353.6366875569298, 318.4877938662929, 155.14914035543032, -74.08035278320312, -63.94329071044922, 0.9157823920249939, 0.04364026337862015, -0.5015086531639099, 0.8422163128852844, -0.01759226620197296, -0.01978326588869095, 0.012609105557203293]
[datetime.datetime(2017, 5, 24, 21, 56, 7, 609283), 30.291767120361328, 29.481250762939453, 35.683841705322266, 1011.372314453125, 353.535404389275, 318.17581473066883, 155.5752348766124, -73.96635437011719, -63.85728073120117, 0.8844190239906311, 0.04291292652487755, -0.5022323131561279, 0.8441658616065979, -0.01518791913986206, -0.015512984246015549, 0.011472595855593681]
[datetime.datetime(2017, 5, 24, 21, 56, 8, 667342), 30.291767120361328, 29.50208282470703, 35.88636016845703, 1011.334716796875, 353.64960557908444, 317.9872707737252, 155.84759549995582, -74.02960968017578, -63.77861785888672, 0.9885356426239014, 0.044125158339738846, -0.5027147531509399, 0.8429474234580994, -0.016530215740203857, -0.013569878414273262, 0.011297265067696571]
[datetime.datetime(2017, 5, 24, 21, 56, 9, 748156), 30.291767120361328, 29.512500762939453, 36.1220817565918, 1011.346435546875, 353.6263684217544, 317.8550792925288, 156.1283982371134, -73.96757507324219, -63.76545715332031, 0.6190639138221741, 0.04315537214279175, -0.5022323131561279, 0.8419725894927979, -0.017302777618169785, -0.016169890761375427, 0.012048962526023388]
[datetime.datetime(2017, 5, 24, 21, 56, 10, 857072), 30.25665855407715, 29.514583587646484, 35.96271896362305, 1011.308349609375, 353.5388681489578, 317.6642062410782, 156.18817605272935, -74.0809326171875, -63.551544189453125, 0.4729999005794525, 0.04364026337862015, -0.5019910931587219, 0.8441658616065979, -0.012003734707832336, -0.014879032969474792, 0.010156862437725067]
Writing to file..
[datetime.datetime(2017, 5, 24, 21, 56, 11, 924386), 30.22154998779297, 29.527084350585938, 35.966041564941406, 1011.32763671875, 353.5053524107006, 317.7973197978126, 156.120789406378, -74.24931335449219, -63.38255310058594, 0.3326951861381531, 0.044367603957653046, -0.5034384727478027, 0.8451406955718994, -0.013544500805437565, -0.012146230787038803, 0.008329154923558235]
[datetime.datetime(2017, 5, 24, 21, 56, 12, 993040), 30.25665855407715, 29.514583587646484, 35.989280700683594, 1011.322021484375, 353.5298254053836, 317.83277872488867, 155.94701573351452, -74.49834442138672, -63.67607116699219, -0.04473498836159706, 0.04509493708610535, -0.5027147531509399, 0.8407540917396545, -0.012355753220617771, -0.010508518666028976, 0.008348444476723671]
[datetime.datetime(2017, 5, 24, 21, 56, 14, 61363), 30.203994750976562, 29.518749237060547, 35.876399993896484, 1011.30859375, 353.59606116485975, 318.1312443312399, 155.81916825263022, -74.65647888183594, -63.965938568115234, -0.054055724292993546, 0.044610049575567245, -0.5036796927452087, 0.8414852023124695, -0.011584517545998096, -0.010685579851269722, 0.00901761744171381]
[datetime.datetime(2017, 5, 24, 21, 56, 23, 743541), 30.133777618408203, 29.483333587646484, 35.949440002441406, 1011.3232421875, 353.04757136129837, 311.20612236195313, 162.01287941464616, -74.75577545166016, -63.91298294067383, -0.060119230300188065, 0.045337386429309845, -0.5015086531639099, 0.8409978151321411, -0.011386118829250336, -0.007903307676315308, 0.0090970853343606]
[datetime.datetime(2017, 5, 24, 21, 56, 24, 811694), 30.239105224609375, 29.483333587646484, 35.97932052612305, 1011.355712890625, 352.9772012029402, 312.12096131447925, 161.24718788793106, -74.73678588867188, -63.924163818359375, -0.3674153983592987, 0.04388270899653435, -0.5017498135566711, 0.842460036277771, -0.009902706369757652, -0.010274426080286503, 0.00829879380762577]
Writing to file..
[datetime.datetime(2017, 5, 24, 21, 56, 25, 879556), 30.18644142150879, 29.485416412353516, 35.62076187133789, 1011.312255859375, 353.08099788020957, 312.69463231796317, 160.69431139537522, -74.64392852783203, -64.01815032958984, -0.4984178841114044, 0.044610049575567245, -0.5017498135566711, 0.8439221382141113, -0.007998291403055191, -0.009295662865042686, 0.005452748853713274]
[datetime.datetime(2017, 5, 24, 21, 56, 26, 948604), 30.18644142150879, 29.441665649414062, 36.17852020263672, 1011.32861328125, 353.14337586346517, 313.45468893861306, 160.10102750368958, -74.40869140625, -64.2173080444336, -0.2454039305448532, 0.044367603957653046, -0.5019910931587219, 0.8436784744262695, -0.008019245229661465, -0.008366510272026062, 0.00563181983307004]
[datetime.datetime(2017, 5, 24, 21, 56, 28, 15457), 30.203994750976562, 29.447917938232422, 35.949440002441406, 1011.348388671875, 353.28920765932094, 313.89508246082255, 159.45090277773107, -74.18927764892578, -64.46014404296875, -0.06630299240350723, 0.044852495193481445, -0.4998200237751007, 0.8414852023124695, -0.010138480924069881, -0.006621757987886667, 0.003987433388829231]
[datetime.datetime(2017, 5, 24, 21, 56, 29, 84009), 30.15133285522461, 29.43958282470703, 35.906280517578125, 1011.348388671875, 353.2142117553474, 314.5136756184777, 158.80215774998493, -74.0322265625, -64.32543182373047, -0.06568413227796555, 0.04364026337862015, -0.5019910931587219, 0.8439221382141113, -0.0061453706584870815, -0.00549835292622447, 0.008135325275361538]
[datetime.datetime(2017, 5, 24, 21, 56, 30, 141551), 30.116222381591797, 29.431249618530273, 35.75688171386719, 1011.318603515625, 353.38052045833484, 315.31219644943843, 158.07104064084842, -74.41392517089844, -64.37361907958984, 0.02804926596581936, 0.04388270899653435, -0.5007849931716919, 0.8441658616065979, -0.010472554713487625, -0.007770897354930639, 0.0032267579808831215]
Writing to file..
[datetime.datetime(2017, 5, 24, 21, 56, 31, 209676), 30.274213790893555, 29.43958282470703, 36.09552001953125, 1011.324462890625, 353.45641794727885, 315.9011943974199, 157.41184542367213, -74.42076873779297, -64.39637756347656, 0.07865589112043381, 0.044610049575567245, -0.5029560327529907, 0.8436784744262695, -0.007832681760191917, -0.005469639785587788, 0.003506154753267765]
[datetime.datetime(2017, 5, 24, 21, 56, 32, 278473), 30.22154998779297, 29.4375, 35.77680206298828, 1011.309814453125, 353.5390820192562, 316.6276942986775, 156.91986689775612, -74.50668334960938, -64.2854232788086, -0.21886268258094788, 0.045337386429309845, -0.5027147531509399, 0.8436784744262695, -0.006772733759135008, -0.006523856893181801, 0.00406804122030735]
[datetime.datetime(2017, 5, 24, 21, 56, 33, 344747), 30.291767120361328, 29.443750381469727, 35.89632034301758, 1011.3466796875, 353.67981849399115, 317.19088096178547, 156.28774655044978, -74.30521392822266, -64.23857879638672, -0.40192463994026184, 0.044610049575567245, -0.503197193145752, 0.8434348106384277, -0.006053540389984846, -0.005800202488899231, 0.0052879005670547485]
[datetime.datetime(2017, 5, 24, 21, 56, 34, 413574), 30.203994750976562, 29.452083587646484, 35.98263931274414, 1011.342529296875, 353.812474854938, 317.83342076267064, 155.60777389781833, -74.14128112792969, -64.08959197998047, 0.4440305531024933, 0.04315537214279175, -0.5012673735618591, 0.8427037000656128, -0.005321272183209658, -0.006340491585433483, 0.005010584369301796]
[datetime.datetime(2017, 5, 24, 21, 56, 35, 481508), 30.168886184692383, 29.445833206176758, 35.966041564941406, 1011.3359375, 353.92917589398365, 318.39186727449464, 155.06038887735517, -74.36447143554688, -64.16047668457031, 1.0704331398010254, 0.043397821485996246, -0.5012673735618591, 0.8427037000656128, -0.003760657738894224, -0.0035617509856820107, 0.005617350339889526]
Writing to file..
[datetime.datetime(2017, 5, 24, 21, 56, 36, 550088), 30.203994750976562, 29.4375, 35.86975860595703, 1011.30615234375, 353.91442311226325, 318.9803768639505, 154.5235496689705, -74.56553649902344, -64.04828643798828, 0.7757669687271118, 0.04509493708610535, -0.5027147531509399, 0.841728925704956, -0.005346133839339018, -0.004170292057096958, 0.0023845015093684196]
[datetime.datetime(2017, 5, 24, 21, 56, 37, 618980), 30.239105224609375, 29.4375, 36.08888244628906, 1011.357177734375, 354.0020510242199, 319.3630928537138, 154.03711725666054, -74.77581787109375, -63.714752197265625, 0.3430732488632202, 0.04291292652487755, -0.5017498135566711, 0.8444095849990845, -0.005876816343516111, -0.006524587981402874, 0.002498803660273552]
[datetime.datetime(2017, 5, 24, 21, 56, 38, 679804), 30.168886184692383, 29.431249618530273, 35.97932052612305, 1011.357177734375, 353.9979558989257, 319.8911518539204, 153.66092409755458, -74.76203918457031, -63.743621826171875, 0.17107468843460083, 0.045822277665138245, -0.5029560327529907, 0.8456280827522278, -0.0043849335052073, -0.006107409484684467, 0.0026302561163902283]
[datetime.datetime(2017, 5, 24, 21, 56, 39, 745545), 30.239105224609375, 29.424999237060547, 36.1021614074707, 1011.345947265625, 354.18263909144093, 320.3042348647336, 153.15270338179226, -74.56735229492188, -63.98933792114258, 0.3913704752922058, 0.04388270899653435, -0.5005437135696411, 0.8427037000656128, -0.005309293046593666, -0.0016167648136615753, 0.0033790944144129753]
[datetime.datetime(2017, 5, 24, 21, 56, 40, 808059), 30.116222381591797, 29.433334350585938, 36.17188262939453, 1011.355224609375, 354.1995194770878, 320.6246526990773, 152.73162221946097, -74.61019897460938, -63.97860336303711, 0.6547004580497742, 0.04291292652487755, -0.5019910931587219, 0.8427037000656128, -0.0016787471249699593, -0.002042827196419239, 0.002316078171133995]
Writing to file..
[datetime.datetime(2017, 5, 24, 21, 56, 41, 881457), 30.203994750976562, 29.43541717529297, 36.00920104980469, 1011.36279296875, 354.22418200952023, 321.2708944624926, 152.16141070679166, -74.40534973144531, -63.757808685302734, 0.6241631507873535, 0.04388270899653435, -0.5022323131561279, 0.8422163128852844, -0.003335092216730118, -0.0027051782235503197, 0.0024929866194725037]
[datetime.datetime(2017, 5, 24, 21, 56, 42, 947835), 30.22154998779297, 29.452083587646484, 36.06896209716797, 1011.334228515625, 354.4850260801494, 321.6706176232892, 151.7258768641766, -74.33097076416016, -63.70578384399414, 0.4970717132091522, 0.044610049575567245, -0.5015086531639099, 0.8439221382141113, -0.003376903012394905, -0.0031576361507177353, 0.005032598972320557]
[datetime.datetime(2017, 5, 24, 21, 56, 44, 16353), 30.18644142150879, 29.46875, 36.062320709228516, 1011.368896484375, 354.6800143205749, 322.1816967732192, 151.4126307284615, -74.2057876586914, -63.81999588012695, 0.6975117921829224, 0.045822277665138245, -0.5022323131561279, 0.8446532487869263, -0.006518309935927391, -0.0002426551654934883, 0.001233610324561596]
[datetime.datetime(2017, 5, 24, 21, 56, 45, 84637), 30.133777618408203, 29.477083206176758, 36.15528106689453, 1011.312255859375, 354.7784612521769, 322.6873971491778, 151.0805879121505, -74.11015319824219, -63.92047119140625, 0.9486879706382751, 0.044852495193481445, -0.5019910931587219, 0.8422163128852844, -0.006013377569615841, -0.0028005801141262054, 0.0013837385922670364]
[datetime.datetime(2017, 5, 24, 21, 56, 46, 142537), 30.239105224609375, 29.479167938232422, 35.89632034301758, 1011.3212890625, 354.9793379694406, 322.98269354775414, 150.7333957362604, -74.35481262207031, -63.969486236572266, 1.0343170166015625, 0.04509493708610535, -0.5012673735618591, 0.8436784744262695, -0.0009882645681500435, -0.0023510167375206947, 0.0018590595573186874]
Writing to file..
[datetime.datetime(2017, 5, 24, 21, 56, 47, 211263), 30.22154998779297, 29.472915649414062, 36.08224105834961, 1011.3125, 355.02266314000644, 323.2979955704094, 150.46540643398578, -74.36200714111328, -63.82135772705078, 0.4347286522388458, 0.044367603957653046, -0.5007849931716919, 0.8427037000656128, -0.0017250431701540947, -0.002488544210791588, 0.0020473329350352287]
[datetime.datetime(2017, 5, 24, 21, 56, 48, 280101), 30.18644142150879, 29.479167938232422, 36.045719146728516, 1011.32421875, 354.9899896494512, 323.6453380104612, 149.97353719109648, -74.30020141601562, -63.702484130859375, -0.30009767413139343, 0.043397821485996246, -0.5024735331535339, 0.8427037000656128, -0.004014442674815655, -0.0035166889429092407, 0.0007704785093665123]
[datetime.datetime(2017, 5, 24, 21, 56, 49, 348226), 30.274213790893555, 29.483333587646484, 36.11212158203125, 1011.318115234375, 355.23213052769876, 323.85962495038666, 149.641876865379, -74.5172119140625, -63.803306579589844, 0.07061371207237244, 0.044125158339738846, -0.5022323131561279, 0.8448969721794128, -0.0035007866099476814, -0.001282908022403717, 0.0015516458079218864]
[datetime.datetime(2017, 5, 24, 21, 56, 50, 410120), 30.22154998779297, 29.489582061767578, 36.092201232910156, 1011.323974609375, 355.3046372546067, 324.13982663089723, 149.3166915589947, -74.51741790771484, -63.934181213378906, 0.2980721592903137, 0.04388270899653435, -0.5015086531639099, 0.8439221382141113, -0.002660280093550682, -0.0017247190698981285, 0.002635654993355274]
[datetime.datetime(2017, 5, 24, 21, 56, 51, 475682), 30.239105224609375, 29.493749618530273, 35.93947982788086, 1011.330322265625, 355.507923747987, 324.41914721700493, 148.87018843257263, -74.23887634277344, -64.04808807373047, 0.4325759708881378, 0.04364026337862015, -0.5019910931587219, 0.8434348106384277, -0.0022155428305268288, -0.004068146459758282, 0.0031373370438814163]
Writing to file..
[datetime.datetime(2017, 5, 24, 21, 56, 52, 537212), 30.239105224609375, 29.489582061767578, 35.77347946166992, 1011.33642578125, 355.56432275439784, 324.7053901998364, 148.72301151633718, -74.16973114013672, -64.21527099609375, 0.3385327458381653, 0.043397821485996246, -0.4993376135826111, 0.8441658616065979, -0.001144183799624443, -0.0023949425667524338, 0.003056502901017666]
[datetime.datetime(2017, 5, 24, 21, 56, 53, 603797), 30.239105224609375, 29.495834350585938, 35.8531608581543, 1011.3310546875, 355.64417577664494, 324.9395461600574, 148.36852469841352, -74.18717193603516, -64.09278106689453, 0.6481038331985474, 0.04509493708610535, -0.5017498135566711, 0.8427037000656128, -0.0013503069058060646, -0.0013812119141221046, 0.002394336275756359]
[datetime.datetime(2017, 5, 24, 21, 56, 54, 671330), 30.25665855407715, 29.491666793823242, 36.07228088378906, 1011.302001953125, 355.69581969073306, 325.1906068384741, 148.19050264788632, -74.37238311767578, -64.00531005859375, 0.8168668150901794, 0.045337386429309845, -0.5007849931716919, 0.8446532487869263, -0.0018218457698822021, -0.002457382157444954, 0.0028528738766908646]
[datetime.datetime(2017, 5, 24, 21, 56, 55, 737581), 30.203994750976562, 29.493749618530273, 36.234962463378906, 1011.347900390625, 355.82309855836894, 325.3767841348703, 147.9998584077729, -74.75411987304688, -63.815425872802734, 0.5620031356811523, 0.04291292652487755, -0.5029560327529907, 0.8431911468505859, 9.407289326190948e-05, -0.00264614075422287, 0.00032319221645593643]
[datetime.datetime(2017, 5, 24, 21, 56, 56, 796207), 30.239105224609375, 29.506250381469727, 36.09552001953125, 1011.308349609375, 355.9996282125625, 325.67539659028864, 147.8065503938832, -74.72486114501953, -63.665443420410156, 0.6837874054908752, 0.044610049575567245, -0.5027147531509399, 0.8444095849990845, -0.0028553707525134087, 0.0001361379399895668, -6.306357681751251e-05]
Writing to file..
[datetime.datetime(2017, 5, 24, 21, 56, 57, 868614), 30.22154998779297, 29.506250381469727, 36.15196228027344, 1011.3310546875, 355.9561083816053, 325.91354138098495, 147.55287716810895, -74.57167053222656, -63.95999526977539, 0.3792598843574524, 0.044367603957653046, -0.5019910931587219, 0.8429474234580994, 0.000570998527109623, -0.0024864869192242622, 0.0005364585667848587]
[datetime.datetime(2017, 5, 24, 21, 56, 58, 932832), 30.18644142150879, 29.5, 36.12540054321289, 1011.3330078125, 355.9511364307764, 326.120062395824, 147.28884937555293, -74.4051742553711, -63.87767028808594, 0.0017683013575151563, 0.044852495193481445, -0.503197193145752, 0.8444095849990845, -0.0005530659109354019, -0.0026334691792726517, 0.0004955744370818138]
[datetime.datetime(2017, 5, 24, 21, 56, 59, 999333), 30.291767120361328, 29.477083206176758, 35.87308120727539, 1011.281982421875, 355.9617356037078, 326.2785432751358, 147.2443028817861, -74.59554290771484, -63.72076416015625, -0.0678836926817894, 0.044852495193481445, -0.5003025531768799, 0.8412414789199829, -0.00108284130692482, -0.002181067131459713, 0.0004538362845778465]
[datetime.datetime(2017, 5, 24, 21, 57, 1, 70083), 30.22154998779297, 29.49791717529297, 35.089561462402344, 1011.294189453125, 356.07522175808845, 326.5660327674908, 147.03896007457885, -74.72969055175781, -63.63360595703125, 0.501094400882721, 0.044610049575567245, -0.5029560327529907, 0.842460036277771, -0.00042531080543994904, -0.0018172869458794594, 0.0010446179658174515]
[datetime.datetime(2017, 5, 24, 21, 57, 2, 136218), 30.168886184692383, 29.506250381469727, 36.062320709228516, 1011.301513671875, 356.24660016898736, 326.92182756664056, 146.824956587504, -74.54039764404297, -63.62603759765625, 0.29095935821533203, 0.044852495193481445, -0.5019910931587219, 0.8414852023124695, -0.0028986595571041107, -0.0012561986222863197, -0.0014114473015069962]
Writing to file..
[datetime.datetime(2017, 5, 24, 21, 57, 3, 195314), 30.379539489746094, 29.518749237060547, 35.92951965332031, 1011.3134765625, 356.2742517629553, 326.91196477347904, 146.7939338682938, -74.54249572753906, -63.793128967285156, -0.016499290242791176, 0.04315537214279175, -0.5017498135566711, 0.846359133720398, 0.0008701318874955177, 7.183849811553955e-05, 0.0003541763871908188]
[datetime.datetime(2017, 5, 24, 21, 57, 4, 265671), 30.239105224609375, 29.527084350585938, 35.966041564941406, 1011.3388671875, 356.32700558278356, 327.08347765372724, 146.69370767241304, -74.3681640625, -63.8920783996582, -0.10953173041343689, 0.04388270899653435, -0.5034384727478027, 0.8444095849990845, -0.0015646545216441154, -0.0028465362265706062, 0.0024382667616009712]
[datetime.datetime(2017, 5, 24, 21, 57, 5, 325415), 30.414649963378906, 29.535415649414062, 36.03908157348633, 1011.322509765625, 356.29477648141125, 327.1523908473581, 146.67583989754428, -74.51263427734375, -64.33566284179688, -0.2992132306098938, 0.044610049575567245, -0.5027147531509399, 0.841728925704956, -0.003894682042300701, -0.0011989045888185501, -0.0015154341235756874]
[datetime.datetime(2017, 5, 24, 21, 57, 6, 390514), 30.32687759399414, 29.53333282470703, 35.92620086669922, 1011.29736328125, 356.3938710003239, 327.17676437741125, 146.4854688649977, -74.48226165771484, -64.03385925292969, -0.2326309084892273, 0.044367603957653046, -0.5029560327529907, 0.8441658616065979, 0.0017019985243678093, -0.0001987256109714508, 0.00028661545366048813]
[datetime.datetime(2017, 5, 24, 21, 57, 7, 457734), 30.291767120361328, 29.53125, 37.187801361083984, 1011.341796875, 356.4143052187733, 327.4139631869075, 146.26559141523663, -74.2615966796875, -63.99298095703125, -0.36225488781929016, 0.044852495193481445, -0.5019910931587219, 0.8405104875564575, -0.0018980111926794052, -0.0007765414193272591, 0.00025218259543180466]
Writing to file..
[datetime.datetime(2017, 5, 24, 21, 57, 8, 526308), 30.15133285522461, 29.52916717529297, 36.032440185546875, 1011.3603515625, 356.3903765047898, 327.5068161935792, 146.19939322180088, -74.13245391845703, -64.15617370605469, -0.2324976623058319, 0.044125158339738846, -0.5024735331535339, 0.8439221382141113, -0.0015175370499491692, -0.001306973397731781, 0.0008315388113260269]
[datetime.datetime(2017, 5, 24, 21, 57, 9, 585632), 30.239105224609375, 29.537500381469727, 35.88304138183594, 1011.352294921875, 356.5854142640868, 327.6349027310845, 146.12140612185766, -74.19530487060547, -64.04806518554688, 0.16208338737487793, 0.044852495193481445, -0.5024735331535339, 0.8439221382141113, 0.0022063907235860825, -0.0015353923663496971, -0.0007738415151834488]
[datetime.datetime(2017, 5, 24, 21, 57, 10, 653955), 30.203994750976562, 29.537500381469727, 36.02912139892578, 1011.357421875, 356.58837493764855, 327.7415390595013, 146.0024378868944, -74.21363830566406, -63.888893127441406, 0.3563545048236847, 0.043397821485996246, -0.5046445727348328, 0.8419725894927979, -0.000801941379904747, -0.0005286326631903648, 0.001629653386771679]
[datetime.datetime(2017, 5, 24, 21, 57, 11, 711260), 30.15133285522461, 29.535415649414062, 35.893001556396484, 1011.340576171875, 356.5981662272672, 327.71382898203854, 145.68245718465764, -74.40849304199219, -63.90003967285156, 0.678526759147644, 0.044610049575567245, -0.5007849931716919, 0.8429474234580994, -0.0019658729434013367, 8.727051317691803e-05, 0.0015908796340227127]
[datetime.datetime(2017, 5, 24, 21, 57, 12, 782882), 30.32687759399414, 29.543750762939453, 35.919559478759766, 1011.326416015625, 356.57464945906804, 327.80675370569656, 145.5863017815222, -74.36846160888672, -64.33097839355469, 0.6190980076789856, 0.04364026337862015, -0.5022323131561279, 0.8456280827522278, -0.0007704766467213631, -0.000449569895863533, 0.0009050918743014336]
Writing to file..
[datetime.datetime(2017, 5, 24, 21, 57, 13, 847324), 30.203994750976562, 29.556249618530273, 35.74028015136719, 1011.29052734375, 356.4840504148224, 327.8133721590023, 145.46574894267147, -74.42662811279297, -64.50293731689453, 0.5227583050727844, 0.045579832047224045, -0.4998200237751007, 0.8444095849990845, 0.0007663900032639503, -0.0012664049863815308, -0.00026652682572603226]
[datetime.datetime(2017, 5, 24, 21, 57, 14, 930667), 30.239105224609375, 29.568750381469727, 35.88636016845703, 1011.29443359375, 356.6294937436691, 327.8303007828602, 145.3862728614892, -74.44178009033203, -64.32591247558594, 0.3417176604270935, 0.044852495193481445, -0.5005437135696411, 0.8444095849990845, 0.003788373898714781, -0.0009572803974151611, 3.728363662958145e-05]
[datetime.datetime(2017, 5, 24, 21, 57, 16, 970), 30.36198616027832, 29.570833206176758, 35.89632034301758, 1011.33837890625, 356.6730592515164, 327.883907522561, 145.28980326965194, -74.52010345458984, -64.63175964355469, 1.1730680465698242, 0.044610049575567245, -0.5024735331535339, 0.8419725894927979, -0.0004156744107604027, -0.0021154945716261864, 0.004264094866812229]
[datetime.datetime(2017, 5, 24, 21, 57, 17, 59242), 30.239105224609375, 29.556249618530273, 35.932838439941406, 1011.35302734375, 356.59561579194246, 327.88893454179015, 145.2523874933786, -74.60150146484375, -64.2347183227539, 0.927446722984314, 0.04630717262625694, -0.503197193145752, 0.8427037000656128, 0.0001863492652773857, -0.00019975099712610245, 0.0017700940370559692]
[datetime.datetime(2017, 5, 24, 21, 57, 18, 128738), 30.309322357177734, 29.575000762939453, 36.01251983642578, 1011.34423828125, 356.8093691233389, 327.7570674945793, 145.28987157154364, -74.45361328125, -64.0653305053711, 1.1963422298431396, 0.044852495193481445, -0.5019910931587219, 0.8422163128852844, 0.0005477843806147575, 0.001325264573097229, 0.0010890411213040352]
Writing to file..
[datetime.datetime(2017, 5, 24, 21, 57, 19, 190314), 30.344430923461914, 29.545833587646484, 35.68716049194336, 1011.34326171875, 356.82113903338274, 327.9347104696076, 145.24854892706506, -74.63642883300781, -64.16968536376953, 1.033820629119873, 0.04606472700834274, -0.5101927518844604, 0.846359133720398, 0.002415204420685768, 0.00102229043841362, -0.00012407731264829636]
[datetime.datetime(2017, 5, 24, 21, 57, 20, 255970), 30.344430923461914, 29.552082061767578, 35.99259948730469, 1011.336669921875, 356.9789439374101, 328.0030567575373, 145.2786700613048, -74.55030822753906, -64.13430786132812, 0.7997882962226868, 0.04509493708610535, -0.5012673735618591, 0.8414852023124695, -0.0009275553748011589, 0.0009747054427862167, -0.0013758521527051926]
[datetime.datetime(2017, 5, 24, 21, 57, 21, 317346), 30.291767120361328, 29.56041717529297, 36.132041931152344, 1011.330322265625, 356.9588823911573, 328.05922140308235, 145.30237081772475, -74.76447296142578, -63.8707275390625, 0.6639107465744019, 0.044367603957653046, -0.5022323131561279, 0.8427037000656128, 0.0017765620723366737, 4.869140684604645e-05, -0.0004987390711903572]
[datetime.datetime(2017, 5, 24, 21, 57, 22, 382546), 30.32687759399414, 29.572917938232422, 35.667240142822266, 1011.3154296875, 356.89856883257835, 328.1662368069981, 145.24424590788794, -74.9372787475586, -63.740360260009766, 0.644722044467926, 0.044610049575567245, -0.5027147531509399, 0.8431911468505859, 0.0003181714564561844, -0.0029384857043623924, 0.0006546536460518837]
[datetime.datetime(2017, 5, 24, 21, 57, 23, 450382), 30.291767120361328, 29.587499618530273, 35.839881896972656, 1011.310302734375, 357.0424343877268, 328.210264206388, 145.19043767760658, -74.79914855957031, -63.87327194213867, 0.8712369203567505, 0.04364026337862015, -0.5015086531639099, 0.8422163128852844, -0.0009093489497900009, -0.0002113133668899536, -0.0005544684827327728]
Writing to file..
[datetime.datetime(2017, 5, 24, 21, 57, 24, 508934), 30.36198616027832, 29.587499618530273, 35.889678955078125, 1011.3369140625, 357.07818722638063, 328.252348416959, 145.17024763842002, -74.85782623291016, -64.22091674804688, 0.7725346088409424, 0.04267048090696335, -0.5029560327529907, 0.8439221382141113, 0.0020930254831910133, 0.00039312615990638733, 0.002085152082145214]
[datetime.datetime(2017, 5, 24, 21, 57, 25, 582464), 30.36198616027832, 29.583332061767578, 35.92951965332031, 1011.3271484375, 357.09653247416105, 328.2544487001288, 145.174222808517, -74.58666229248047, -64.0037612915039, 0.639394998550415, 0.045337386429309845, -0.503197193145752, 0.8439221382141113, -0.0011694049462676048, -0.0017150528728961945, -0.000990094617009163]
[datetime.datetime(2017, 5, 24, 21, 57, 26, 649051), 30.22154998779297, 29.597915649414062, 36.188480377197266, 1011.294921875, 357.1830647810862, 328.2655955688543, 144.99939728652134, -74.81385040283203, -63.99441146850586, 0.5765234231948853, 0.046549614518880844, -0.5022323131561279, 0.8427037000656128, 0.0006246892735362053, 0.00015567615628242493, 0.0002459753304719925]
[datetime.datetime(2017, 5, 24, 21, 57, 27, 716082), 30.43220329284668, 29.608333587646484, 36.17188262939453, 1011.331298828125, 357.28347539207454, 328.3523253109351, 144.87694565508136, -74.87718963623047, -63.85499954223633, 0.6969176530838013, 0.044367603957653046, -0.5005437135696411, 0.8441658616065979, -0.0026892665773630142, 0.0016277888789772987, 0.0017660018056631088]
[datetime.datetime(2017, 5, 24, 21, 57, 28, 780474), 30.291767120361328, 29.59375, 35.876399993896484, 1011.33642578125, 357.1944374729411, 328.28716530625314, 144.86075810674842, -74.67456817626953, -63.68675231933594, 0.602840006351471, 0.04388270899653435, -0.5017498135566711, 0.8405104875564575, 0.00013470184057950974, -0.0019538123160600662, 0.00024269521236419678]
Writing to file..
[datetime.datetime(2017, 5, 24, 21, 57, 29, 848377), 30.344430923461914, 29.572917938232422, 35.70376205444336, 1011.31982421875, 357.23341181300566, 328.29484585397483, 144.78727893165743, -74.47770690917969, -63.57951354980469, 0.4966569244861603, 0.044852495193481445, -0.5022323131561279, 0.8446532487869263, -0.0016018226742744446, -0.001964862458407879, 0.0010471045970916748]
[datetime.datetime(2017, 5, 24, 21, 57, 30, 918384), 30.274213790893555, 29.558334350585938, 35.906280517578125, 1011.33154296875, 357.4272209920257, 328.2550531718704, 144.70310368032617, -74.36318969726562, -63.753440856933594, 0.9323321580886841, 0.04388270899653435, -0.5024735331535339, 0.842460036277771, -0.001832449808716774, -0.00019215047359466553, 0.0007232530042529106]
[datetime.datetime(2017, 5, 24, 21, 57, 31, 984678), 30.203994750976562, 29.556249618530273, 35.71039962768555, 1011.304931640625, 357.4102827632143, 328.3612113870453, 144.67601515007792, -74.32722473144531, -63.828243255615234, 1.0036096572875977, 0.044125158339738846, -0.5022323131561279, 0.8429474234580994, 0.0009263511747121811, -0.00020966678857803345, 0.000735647976398468]
[datetime.datetime(2017, 5, 24, 21, 57, 33, 53475), 30.274213790893555, 29.554166793823242, 35.95608139038086, 1011.30908203125, 357.2607551946873, 328.2026348850851, 144.68712103766836, -74.55683135986328, -63.81282043457031, 0.41178274154663086, 0.044852495193481445, -0.5017498135566711, 0.842460036277771, -0.0032004453241825104, -0.00043170154094696045, -0.0013798428699374199]
[datetime.datetime(2017, 5, 24, 21, 57, 34, 119821), 30.344430923461914, 29.556249618530273, 35.91624069213867, 1011.291259765625, 357.27361985598907, 328.20212945108653, 144.63947363801833, -74.76624298095703, -63.848026275634766, 0.35977593064308167, 0.044852495193481445, -0.5027147531509399, 0.8431911468505859, 0.0005287416279315948, 0.00047302059829235077, 0.0010131588205695152]
Writing to file..
[datetime.datetime(2017, 5, 24, 21, 57, 35, 179802), 30.32687759399414, 29.56041717529297, 35.96271896362305, 1011.289794921875, 357.2788176299474, 328.30699334541373, 144.6939648872167, -74.73823547363281, -63.77928924560547, 0.8991506695747375, 0.04388270899653435, -0.5019910931587219, 0.8444095849990845, -0.00041733402758836746, -0.0010046372190117836, 0.0006517460569739342]
[datetime.datetime(2017, 5, 24, 21, 57, 36, 248446), 30.25665855407715, 29.554166793823242, 36.0855598449707, 1011.318359375, 357.3667479912183, 328.34765687663736, 144.55159642415697, -74.41490936279297, -63.88130187988281, 0.7853975296020508, 0.04388270899653435, -0.5034384727478027, 0.8429474234580994, -0.0025168834254145622, -0.0016181990504264832, 0.002209688536822796]
[datetime.datetime(2017, 5, 24, 21, 57, 37, 310129), 30.25665855407715, 29.549999237060547, 36.13536071777344, 1011.31982421875, 357.27375112368713, 328.321910478561, 144.55016208443126, -74.51445770263672, -63.99116897583008, 0.7381083369255066, 0.04364026337862015, -0.5022323131561279, 0.842460036277771, 0.001407574862241745, 0.002606605179607868, 0.0006775734946131706]
[datetime.datetime(2017, 5, 24, 21, 57, 38, 380398), 30.25665855407715, 29.552082061767578, 35.70708084106445, 1011.336181640625, 357.38913308244935, 328.2826607964955, 144.57949091672728, -74.59662628173828, -63.71778869628906, 0.8243496417999268, 0.044125158339738846, -0.5007849931716919, 0.8419725894927979, -0.00014749448746442795, 0.0018994873389601707, 0.0009337933734059334]
[datetime.datetime(2017, 5, 24, 21, 57, 39, 441231), 30.309322357177734, 29.556249618530273, 36.032440185546875, 1011.292236328125, 357.4289597020563, 328.3188778745695, 144.546897254008, -74.38008880615234, -63.45469665527344, 0.8667141199111938, 0.045337386429309845, -0.5000612735748291, 0.8431911468505859, -0.0007586954161524773, 0.0018496671691536903, 0.0003162231296300888]
Writing to file..
[datetime.datetime(2017, 5, 24, 21, 57, 40, 509275), 30.344430923461914, 29.566665649414062, 35.89632034301758, 1011.286865234375, 357.36856887696234, 328.47020754582036, 144.5440285745566, -74.68196868896484, -63.45800018310547, 0.9752478003501892, 0.04509493708610535, -0.5022323131561279, 0.8439221382141113, -0.0013544009998440742, -0.0011805323883891106, -0.001436656340956688]
[datetime.datetime(2017, 5, 24, 21, 57, 41, 577959), 30.291767120361328, 29.568750381469727, 36.10879898071289, 1011.307861328125, 357.362888294007, 328.4150810890292, 144.59931212569867, -74.82857513427734, -63.70345687866211, 0.8597092032432556, 0.04509493708610535, -0.5024735331535339, 0.8405104875564575, -0.0012655314058065414, 0.0006640786305069923, -0.001741865649819374]
[datetime.datetime(2017, 5, 24, 21, 57, 42, 640637), 30.22154998779297, 29.558334350585938, 35.86643981933594, 1011.316650390625, 357.3041247614828, 328.57673117611586, 144.49513808047763, -74.8092041015625, -63.86090850830078, 1.0263136625289917, 0.044125158339738846, -0.5022323131561279, 0.8444095849990845, 0.003463153727352619, 0.001561485230922699, -0.0004215231165289879]
[datetime.datetime(2017, 5, 24, 21, 57, 43, 705176), 30.309322357177734, 29.570833206176758, 35.5809211730957, 1011.30322265625, 357.33599805268807, 328.7608320950044, 144.53218502653579, -74.7815170288086, -63.8370475769043, 0.9033122658729553, 0.043397821485996246, -0.5012673735618591, 0.8422163128852844, 4.2362138628959656e-05, 0.00034751370549201965, -0.0016292370855808258]
[datetime.datetime(2017, 5, 24, 21, 57, 44, 773194), 30.274213790893555, 29.589584350585938, 35.889678955078125, 1011.3017578125, 357.3574815589487, 328.97333294046183, 144.5451897067155, -74.48441314697266, -64.05561065673828, 0.9218392372131348, 0.044367603957653046, -0.5012673735618591, 0.8446532487869263, -0.00029436126351356506, 0.0009553618729114532, -0.0003855917602777481]
Writing to file..
[datetime.datetime(2017, 5, 24, 21, 57, 45, 841143), 30.344430923461914, 29.581249237060547, 35.78675842285156, 1011.281005859375, 357.5534618843512, 328.9632037699227, 144.53913815911085, -74.4990234375, -64.02235412597656, 0.44571512937545776, 0.044852495193481445, -0.5022323131561279, 0.8414852023124695, -0.000856153666973114, 0.0008983686566352844, 0.00023666676133871078]
[datetime.datetime(2017, 5, 24, 21, 57, 46, 909922), 30.32687759399414, 29.587499618530273, 35.97600173950195, 1011.277587890625, 357.5541660341659, 328.98721871504443, 144.43854313301492, -74.41131591796875, -63.975807189941406, 0.44529563188552856, 0.044610049575567245, -0.5039209127426147, 0.8427037000656128, -0.00028362497687339783, 0.0011449959129095078, 0.0002607721835374832]
[datetime.datetime(2017, 5, 24, 21, 57, 47, 971638), 30.3970947265625, 29.59375, 36.05236053466797, 1011.291748046875, 357.6072818540202, 329.05840294657435, 144.39099135601327, -74.54727935791016, -64.03730773925781, 0.27349716424942017, 0.044610049575567245, -0.5022323131561279, 0.8441658616065979, -0.0018161572515964508, -0.0013173986226320267, 0.002335594967007637]
[datetime.datetime(2017, 5, 24, 21, 57, 49, 36466), 30.309322357177734, 29.608333587646484, 35.60416030883789, 1011.27197265625, 357.6419997055713, 328.90166718059544, 144.44585143542682, -74.98226165771484, -63.76027297973633, 0.17164239287376404, 0.044852495193481445, -0.5015086531639099, 0.8429474234580994, -0.000275932252407074, 0.0007965276017785072, -0.0004203580319881439]
[datetime.datetime(2017, 5, 24, 21, 57, 50, 98256), 30.3970947265625, 29.602083206176758, 35.932838439941406, 1011.286865234375, 357.7358189705672, 328.80996847589347, 144.5106562702719, -75.1178207397461, -63.93944549560547, 0.7713884711265564, 0.04388270899653435, -0.5010262131690979, 0.8431911468505859, 0.0009080320596694946, -0.0007971366867423058, 0.00018356647342443466]
Writing to file..
[datetime.datetime(2017, 5, 24, 21, 57, 51, 164759), 30.379539489746094, 29.618749618530273, 35.889678955078125, 1011.2666015625, 357.73185788773543, 328.91842846481865, 144.46624638028848, -75.02486419677734, -63.97392272949219, 0.9602319598197937, 0.044367603957653046, -0.5019910931587219, 0.8448969721794128, -0.002469840459525585, -0.002596055157482624, 0.00022612139582633972]
[datetime.datetime(2017, 5, 24, 21, 57, 52, 238263), 30.379539489746094, 29.629165649414062, 35.922882080078125, 1011.26318359375, 357.7945526210138, 328.9274818805635, 144.3750223737338, -74.9506607055664, -63.75526428222656, 1.1678271293640137, 0.044610049575567245, -0.503197193145752, 0.8458718061447144, 0.0011667944490909576, 0.0010197460651397705, 0.0005363291129469872]
[datetime.datetime(2017, 5, 24, 21, 57, 53, 307895), 30.32687759399414, 29.633333206176758, 35.61412048339844, 1011.285400390625, 357.7818435599591, 328.84381206323087, 144.48278909845826, -74.96534729003906, -63.70710754394531, 0.920051097869873, 0.044610049575567245, -0.503197193145752, 0.8448969721794128, -0.0015132101252675056, -0.002626381814479828, -0.0001193629577755928]
[datetime.datetime(2017, 5, 24, 21, 57, 54, 365634), 30.344430923461914, 29.612499237060547, 35.697120666503906, 1011.300048828125, 357.80185046469853, 328.97607867650817, 144.4930480425916, -74.88986206054688, -64.0001220703125, 0.7098004817962646, 0.043397821485996246, -0.5024735331535339, 0.8419725894927979, -0.0003559766337275505, -0.0016572047024965286, -0.001957828179001808]
[datetime.datetime(2017, 5, 24, 21, 57, 55, 449032), 30.309322357177734, 29.570833206176758, 35.99592208862305, 1011.31005859375, 357.71559734175577, 328.9229739557113, 144.48788441957907, -74.80268859863281, -63.91398239135742, 1.003322720527649, 0.04291292652487755, -0.5005437135696411, 0.8412414789199829, -0.0006182203069329262, -0.0007375087589025497, -0.0022291261702775955]
Writing to file..
[datetime.datetime(2017, 5, 24, 21, 57, 56, 510517), 30.203994750976562, 29.572917938232422, 35.8531608581543, 1011.289306640625, 357.6582470180595, 328.8797491035489, 144.4444853975928, -74.71435546875, -63.82574462890625, 1.102797508239746, 0.044125158339738846, -0.5012673735618591, 0.8448969721794128, 0.0018146922811865807, -0.0019548730924725533, 0.00018464121967554092]
[datetime.datetime(2017, 5, 24, 21, 57, 57, 579126), 30.36198616027832, 29.59166717529297, 35.81332015991211, 1011.3046875, 357.60880029045, 329.0460983607845, 144.48009800392526, -74.74314880371094, -63.903831481933594, 0.9634442329406738, 0.04364026337862015, -0.5022323131561279, 0.8431911468505859, 0.0012456150725483894, 0.0007864693179726601, -0.0019048312678933144]
[datetime.datetime(2017, 5, 24, 21, 57, 58, 637339), 30.43220329284668, 29.606250762939453, 35.87308120727539, 1011.296142578125, 357.70185628180616, 328.9719225063982, 144.50672208130996, -74.80667114257812, -63.78984451293945, 0.5863166451454163, 0.044367603957653046, -0.5024735331535339, 0.8436784744262695, -0.001234559342265129, -0.0016624340787529945, 0.00163975078612566]
[datetime.datetime(2017, 5, 24, 21, 57, 59, 705429), 30.414649963378906, 29.616666793823242, 35.88304138183594, 1011.287109375, 357.6638422236502, 328.92392335200594, 144.52316917683137, -74.93938446044922, -63.76164627075195, 0.4095231294631958, 0.04509493708610535, -0.5029560327529907, 0.846359133720398, 0.0006132582202553749, -0.000727340579032898, -0.0010811872780323029]
[datetime.datetime(2017, 5, 24, 21, 58, 0, 773600), 30.449758529663086, 29.633333206176758, 35.889678955078125, 1011.279296875, 357.55188816607773, 328.98598928099386, 144.4175198107496, -74.95074462890625, -63.62464904785156, 0.6358953714370728, 0.044125158339738846, -0.5010262131690979, 0.8441658616065979, -0.0021300604566931725, 0.0016626743599772453, -0.0009304890409111977]
Writing to file..
[datetime.datetime(2017, 5, 24, 21, 58, 1, 833870), 30.344430923461914, 29.641666412353516, 35.74028015136719, 1011.296142578125, 357.4767584330851, 328.9706725817801, 144.50165408094583, -75.11590576171875, -63.73541259765625, 1.3822017908096313, 0.044367603957653046, -0.5007849931716919, 0.842460036277771, -0.0018141111359000206, -0.0006850259378552437, 0.001779201440513134]
[datetime.datetime(2017, 5, 24, 21, 58, 2, 896865), 30.3970947265625, 29.643749237060547, 35.73031997680664, 1011.300048828125, 357.40574324873717, 329.11674300737, 144.4519849453015, -74.69503021240234, -63.7044563293457, 0.5696593523025513, 0.04509493708610535, -0.5027147531509399, 0.8429474234580994, 0.0008440669625997543, -0.0003247680142521858, -0.0003011571243405342]
[datetime.datetime(2017, 5, 24, 21, 58, 3, 962349), 30.309322357177734, 29.649999618530273, 36.07228088378906, 1011.28662109375, 357.32979901568604, 329.2456355071973, 144.4273826039111, -74.78439331054688, -63.4173698425293, 0.27633580565452576, 0.044852495193481445, -0.5024735331535339, 0.8436784744262695, -0.0016828794032335281, -0.0014896169304847717, -0.000907418318092823]
[datetime.datetime(2017, 5, 24, 21, 58, 5, 22822), 30.3970947265625, 29.635417938232422, 35.74692153930664, 1011.2890625, 357.2069730045022, 329.1837300876549, 144.4585419269047, -75.01875305175781, -63.26048278808594, 0.24474772810935974, 0.04388270899653435, -0.5017498135566711, 0.8429474234580994, 0.0010404670611023903, -0.0007820399478077888, 0.0006385883316397667]
[datetime.datetime(2017, 5, 24, 21, 58, 6, 87666), 30.309322357177734, 29.631250381469727, 35.5643196105957, 1011.2724609375, 357.1490907798243, 329.27834528313247, 144.47875928684795, -74.93045806884766, -63.32282257080078, 0.024891817942261696, 0.044367603957653046, -0.5044033527374268, 0.8431911468505859, -0.0014298800379037857, -0.0007560104131698608, 0.0009213350713253021]
Writing to file..
[datetime.datetime(2017, 5, 24, 21, 58, 7, 155815), 30.309322357177734, 29.631250381469727, 34.77083969116211, 1011.2958984375, 357.3456672526753, 329.3707679878865, 144.3515401833673, -74.53301239013672, -63.46990966796875, 0.20645646750926971, 0.04388270899653435, -0.4988551735877991, 0.8400230407714844, -0.0026860591024160385, -0.001129811629652977, -0.0002755718305706978]
[datetime.datetime(2017, 5, 24, 21, 58, 8, 214788), 30.43220329284668, 29.62708282470703, 35.64067840576172, 1011.291259765625, 357.2639813918531, 329.2271188643574, 144.36645731651458, -74.236083984375, -63.548397064208984, 0.5468879342079163, 0.044367603957653046, -0.5017498135566711, 0.8451406955718994, 0.0015894882380962372, -0.00018984265625476837, 8.24909657239914e-05]
[datetime.datetime(2017, 5, 24, 21, 58, 9, 283591), 30.379539489746094, 29.641666412353516, 35.806678771972656, 1011.3173828125, 357.28860208937687, 329.35040036378155, 144.4379967178813, -74.36386108398438, -63.53108215332031, 0.6885399222373962, 0.044125158339738846, -0.5017498135566711, 0.841728925704956, 0.001895863562822342, 0.00014300551265478134, 0.0008936179801821709]
[datetime.datetime(2017, 5, 24, 21, 58, 10, 341116), 30.43220329284668, 29.614582061767578, 35.92620086669922, 1011.307861328125, 357.2674519817251, 329.3116151345796, 144.44514109575314, -74.67594146728516, -63.361019134521484, 1.0910873413085938, 0.04509493708610535, -0.5019910931587219, 0.8427037000656128, 0.0006549293175339699, 0.0007787235081195831, -0.0020732413977384567]
[datetime.datetime(2017, 5, 24, 21, 58, 11, 409658), 30.43220329284668, 29.631250381469727, 35.99259948730469, 1011.32470703125, 357.2546325704266, 329.19468912617816, 144.37701678897142, -74.69728088378906, -63.40153503417969, 1.0873397588729858, 0.045337386429309845, -0.5044033527374268, 0.8441658616065979, 0.00040035322308540344, 0.0001767873764038086, 0.0006704758852720261]
Writing to file..
[datetime.datetime(2017, 5, 24, 21, 58, 12, 478528), 30.309322357177734, 29.62708282470703, 35.733642578125, 1011.314208984375, 357.2843366362402, 329.22136101488707, 144.3539717307118, -74.96279907226562, -63.28528594970703, 0.6703799366950989, 0.045579832047224045, -0.5015086531639099, 0.8414852023124695, -0.001447959803044796, -0.0007102973759174347, 0.0018464745953679085]
[datetime.datetime(2017, 5, 24, 21, 58, 13, 536948), 30.36198616027832, 29.629165649414062, 35.796722412109375, 1011.25927734375, 357.14705495656483, 329.29240522753895, 144.49221475951288, -75.30948638916016, -63.61220932006836, 0.8067563772201538, 0.044610049575567245, -0.5015086531639099, 0.8429474234580994, 0.0012363530695438385, -0.0006350548937916756, -0.0011582858860492706]
[datetime.datetime(2017, 5, 24, 21, 58, 14, 605554), 30.203994750976562, 29.59375, 36.10879898071289, 1011.274169921875, 357.2595400613453, 329.422452029336, 144.5748873692267, -75.24168395996094, -63.85231399536133, 0.8618648648262024, 0.045579832047224045, -0.5022323131561279, 0.8427037000656128, -0.0009264340624213219, -0.0009029777720570564, 0.0006203483790159225]
[datetime.datetime(2017, 5, 24, 21, 58, 15, 673462), 30.25665855407715, 29.583332061767578, 35.780120849609375, 1011.259765625, 357.34204298354695, 329.35589525096884, 144.5932469177157, -74.8703384399414, -63.79655075073242, 0.827717125415802, 0.045337386429309845, -0.5022323131561279, 0.8409978151321411, -0.0005854237824678421, 0.0008436981588602066, -0.0003463663160800934]
[datetime.datetime(2017, 5, 24, 21, 58, 16, 739509), 30.25665855407715, 29.585416793823242, 35.47468185424805, 1011.286376953125, 357.3889586991821, 329.5112308281678, 144.70221575573407, -74.72705078125, -63.646907806396484, 1.0912891626358032, 0.044367603957653046, -0.5036796927452087, 0.8446532487869263, -0.00038562435656785965, -0.0015947408974170685, 0.0026005180552601814]
Writing to file..
[datetime.datetime(2017, 5, 24, 21, 58, 17, 807877), 30.309322357177734, 29.579166412353516, 36.24491882324219, 1011.266357421875, 357.3180907907882, 329.48644407166984, 144.70953771852433, -74.7454833984375, -63.74801254272461, 0.8386119604110718, 0.04388270899653435, -0.5019910931587219, 0.8405104875564575, 0.0016970876604318619, 0.0002266382798552513, -0.001309731975197792]
[datetime.datetime(2017, 5, 24, 21, 58, 18, 876568), 30.291767120361328, 29.59375, 35.97932052612305, 1011.28466796875, 357.3959190888332, 329.595464136107, 144.68380156573173, -74.73991394042969, -63.94003677368164, 1.101789951324463, 0.044125158339738846, -0.5012673735618591, 0.8419725894927979, 0.0019411463290452957, -0.0006736405193805695, 0.001394195482134819]
[datetime.datetime(2017, 5, 24, 21, 58, 19, 934835), 30.344430923461914, 29.59583282470703, 35.99592208862305, 1011.305419921875, 357.46522181669013, 329.51065709227754, 144.5583992925703, -74.78353881835938, -64.04895782470703, 1.0100499391555786, 0.044610049575567245, -0.5027147531509399, 0.8431911468505859, 0.00017545092850923538, -0.0007481649518013, -0.000704997219145298]
[datetime.datetime(2017, 5, 24, 21, 58, 21, 3032), 30.239105224609375, 29.604167938232422, 35.99259948730469, 1011.3212890625, 357.4800917788435, 329.4105435945181, 144.5284011017356, -74.8473129272461, -64.07453155517578, 0.8516697883605957, 0.04509493708610535, -0.5017498135566711, 0.8461154699325562, 0.0004839356988668442, 0.0006981631740927696, -0.0013186782598495483]
[datetime.datetime(2017, 5, 24, 21, 58, 22, 71478), 30.309322357177734, 29.608333587646484, 35.97932052612305, 1011.317138671875, 357.5584331948499, 329.5266977915433, 144.57970948278074, -74.83281707763672, -64.1037368774414, 0.9503193497657776, 0.04509493708610535, -0.5034384727478027, 0.841728925704956, -0.0016743624582886696, -0.00018356647342443466, -0.0007306430488824844]
Writing to file..
[datetime.datetime(2017, 5, 24, 21, 58, 23, 140552), 30.36198616027832, 29.620834350585938, 35.713722229003906, 1011.280517578125, 357.71774586313654, 329.42302576522627, 144.67944390504127, -74.87806701660156, -63.92048263549805, 0.6923015117645264, 0.04267048090696335, -0.5029560327529907, 0.8434348106384277, -0.0030659353360533714, 0.0019462015479803085, -0.0022627264261245728]
[datetime.datetime(2017, 5, 24, 21, 58, 24, 202863), 30.291767120361328, 29.635417938232422, 35.82659912109375, 1011.28173828125, 357.6326626235325, 329.3339225324089, 144.64582571394646, -74.46333312988281, -63.91323471069336, 0.7960531115531921, 0.04388270899653435, -0.5024735331535339, 0.8441658616065979, 0.000264560803771019, 0.0016275085508823395, -0.0025344816967844963]
[datetime.datetime(2017, 5, 24, 21, 58, 25, 268062), 30.291767120361328, 29.643749237060547, 35.74692153930664, 1011.2783203125, 357.71767350582, 329.48339439220547, 144.57251046339553, -74.15863800048828, -63.824607849121094, 0.5881575345993042, 0.043397821485996246, -0.5024735331535339, 0.842460036277771, 0.00019724667072296143, -0.001441878266632557, -0.0013413457199931145]
[datetime.datetime(2017, 5, 24, 21, 58, 26, 329194), 30.309322357177734, 29.639583587646484, 35.667240142822266, 1011.286865234375, 357.69243083419497, 329.3584565719076, 144.49569815598957, -74.1760025024414, -63.83238220214844, 0.5958375930786133, 0.045337386429309845, -0.5012673735618591, 0.8431911468505859, 0.0017505865544080734, 0.0006506871432065964, -0.002224215306341648]
[datetime.datetime(2017, 5, 24, 21, 58, 27, 393927), 30.344430923461914, 29.639583587646484, 35.65727996826172, 1011.29296875, 357.7580881620258, 329.37820947898723, 144.5109294778387, -74.2454833984375, -64.0010757446289, 0.4295390248298645, 0.046792060136795044, -0.5024735331535339, 0.8444095849990845, -7.158983498811722e-05, -0.0008630957454442978, -0.0013062143698334694]
Writing to file..
[datetime.datetime(2017, 5, 24, 21, 58, 28, 462276), 30.291767120361328, 29.647916793823242, 35.919559478759766, 1011.296630859375, 357.8261302930941, 329.32785390933134, 144.5719230671269, -74.15037536621094, -63.99977493286133, 0.08192845433950424, 0.045337386429309845, -0.5029560327529907, 0.8451406955718994, -0.0033501675352454185, 0.0006755460053682327, -0.002255653962492943]
[datetime.datetime(2017, 5, 24, 21, 58, 29, 523570), 30.36198616027832, 29.652084350585938, 35.8498420715332, 1011.293212890625, 357.7263414427636, 329.23097450614387, 144.57383552009452, -74.26302337646484, -64.32777404785156, 0.4161240756511688, 0.04291292652487755, -0.5027147531509399, 0.8448969721794128, 0.002726210281252861, 0.002231759950518608, 0.00023092888295650482]
[datetime.datetime(2017, 5, 24, 21, 58, 30, 589320), 30.32687759399414, 29.660415649414062, 35.72367858886719, 1011.30224609375, 357.6828781743105, 329.24959360182135, 144.55225212231727, -74.52710723876953, -64.4305648803711, 0.597163200378418, 0.04364026337862015, -0.5019910931587219, 0.8436784744262695, -0.001202290877699852, -0.0010887105017900467, 0.0005112141370773315]
[datetime.datetime(2017, 5, 24, 21, 58, 31, 647264), 30.274213790893555, 29.666667938232422, 35.624080657958984, 1011.270263671875, 357.77551282837214, 329.198961409504, 144.5631121230976, -74.67161560058594, -64.3310775756836, 0.6006495356559753, 0.044852495193481445, -0.5010262131690979, 0.8444095849990845, 0.0006285235285758972, 0.0013263402506709099, -0.0019743191078305244]
[datetime.datetime(2017, 5, 24, 21, 58, 32, 715717), 30.43220329284668, 29.677082061767578, 35.879722595214844, 1011.294189453125, 357.82013402733304, 329.27473552815616, 144.54084570640336, -74.80967712402344, -64.16239929199219, 0.415300577878952, 0.04509493708610535, -0.5024735331535339, 0.8429474234580994, -0.0005884720012545586, -0.0020039230585098267, 0.001079023815691471]
Writing to file..
[datetime.datetime(2017, 5, 24, 21, 58, 33, 784129), 30.43220329284668, 29.6875, 35.78343963623047, 1011.263916015625, 357.7669225848304, 329.0963514776029, 144.6363863925135, -74.59052276611328, -63.906036376953125, 0.28498655557632446, 0.045337386429309845, -0.5019910931587219, 0.8461154699325562, -0.0007711285725235939, -0.0012821471318602562, 0.0006983214989304543]
[datetime.datetime(2017, 5, 24, 21, 58, 34, 853422), 30.3970947265625, 29.674999237060547, 36.01251983642578, 1011.27001953125, 357.6961857306912, 329.1017507421418, 144.51446751582876, -74.28028869628906, -63.9035758972168, 0.2966088056564331, 0.047034505754709244, -0.503197193145752, 0.8448969721794128, 0.0004358692094683647, 0.00046945177018642426, 0.0006815670058131218]
[datetime.datetime(2017, 5, 24, 21, 58, 35, 918651), 30.449758529663086, 29.691665649414062, 35.75355911254883, 1011.26416015625, 357.6813191836324, 328.98426124313386, 144.44940313379522, -74.55856323242188, -63.83966827392578, 0.23480820655822754, 0.045579832047224045, -0.5024735331535339, 0.8439221382141113, -0.0012954957783222198, -0.00044228509068489075, -0.0002594646066427231]
[datetime.datetime(2017, 5, 24, 21, 58, 36, 987078), 30.379539489746094, 29.68958282470703, 35.75688171386719, 1011.258056640625, 357.57955918339616, 329.02940879354765, 144.49262457086306, -74.50655364990234, -63.800453186035156, 0.5898616313934326, 0.044367603957653046, -0.5024735331535339, 0.842460036277771, 0.0014279400929808617, -0.002235865220427513, -0.0009079901501536369]
[datetime.datetime(2017, 5, 24, 21, 58, 38, 55594), 30.449758529663086, 29.693750381469727, 35.796722412109375, 1011.300537109375, 357.63110341941103, 328.9222021443351, 144.50308842067153, -74.57852935791016, -63.715702056884766, 0.22152288258075714, 0.044852495193481445, -0.5029560327529907, 0.840266764163971, -4.3849460780620575e-05, -0.0019028931856155396, -3.1939707696437836e-05]
Writing to file..
[datetime.datetime(2017, 5, 24, 21, 58, 39, 123903), 30.46731185913086, 29.6875, 35.846519470214844, 1011.3134765625, 357.4975345878798, 328.9799718843351, 144.4145555086498, -74.44862365722656, -63.77265930175781, 0.750958263874054, 0.044852495193481445, -0.5007849931716919, 0.8434348106384277, 0.0008902028203010559, 0.0007650628685951233, -0.0002707578241825104]
[datetime.datetime(2017, 5, 24, 21, 58, 40, 182343), 30.309322357177734, 29.68541717529297, 35.84320068359375, 1011.28271484375, 357.55767098842716, 329.05021354975946, 144.42579800002366, -74.1024398803711, -63.78776550292969, 0.47930195927619934, 0.04606472700834274, -0.5022323131561279, 0.8431911468505859, -0.0005845269188284874, -0.0013619465753436089, -0.0011433102190494537]
[datetime.datetime(2017, 5, 24, 21, 58, 41, 251170), 30.502422332763672, 29.68541717529297, 35.74028015136719, 1011.25537109375, 357.43443111046827, 329.0830496841943, 144.37275475092935, -74.1924057006836, -63.99348831176758, 0.8514939546585083, 0.044367603957653046, -0.5015086531639099, 0.8446532487869263, -0.0031683258712291718, -0.000371687114238739, 0.0012884382158517838]
[datetime.datetime(2017, 5, 24, 21, 58, 42, 308920), 30.43220329284668, 29.679166793823242, 35.94280242919922, 1011.25732421875, 357.5159897590172, 329.1385313108223, 144.31308621834012, -74.45989227294922, -64.07099914550781, 0.6950271129608154, 0.044610049575567245, -0.5036796927452087, 0.8448969721794128, -4.5542605221271515e-05, 0.0008697696030139923, 0.0006427448242902756]
[datetime.datetime(2017, 5, 24, 21, 58, 43, 377656), 30.43220329284668, 29.662500381469727, 35.8498420715332, 1011.26953125, 357.4939402008291, 329.1354713860742, 144.2581305162782, -74.44853973388672, -64.33516693115234, 0.7103848457336426, 0.044610049575567245, -0.5024735331535339, 0.839535653591156, -0.00032292306423187256, 0.0008426159620285034, -0.001141970045864582]
Writing to file..
[datetime.datetime(2017, 5, 24, 21, 58, 44, 449394), 30.274213790893555, 29.631250381469727, 35.766841888427734, 1011.295654296875, 357.52081037846733, 329.0519757385654, 144.20456817280694, -74.46060943603516, -64.41346740722656, 0.2126787304878235, 0.04606472700834274, -0.5015086531639099, 0.8412414789199829, 0.0015097297728061676, 0.0005370546132326126, -0.0032796403393149376]
[datetime.datetime(2017, 5, 24, 21, 58, 45, 517309), 30.32687759399414, 29.618749618530273, 35.67388153076172, 1011.290283203125, 357.4652158402746, 329.1103636106852, 144.2585813087634, -74.53392028808594, -64.17638397216797, 0.5393404364585876, 0.044367603957653046, -0.5015086531639099, 0.8427037000656128, 0.0005932822823524475, -0.0012952331453561783, -0.002057884819805622]
[datetime.datetime(2017, 5, 24, 21, 58, 46, 582445), 30.344430923461914, 29.616666793823242, 35.594200134277344, 1011.28125, 357.42417366043884, 329.13297153683794, 144.3426745978246, -74.60271453857422, -64.17768096923828, 0.5753957033157349, 0.04291292652487755, -0.5027147531509399, 0.840266764163971, -0.0033769244328141212, -0.0012953104451298714, 0.0006907247006893158]
[datetime.datetime(2017, 5, 24, 21, 58, 47, 644120), 30.414649963378906, 29.620834350585938, 35.919559478759766, 1011.28564453125, 357.4442367007955, 329.1922405033607, 144.40746577229135, -74.52771759033203, -64.33106994628906, 0.4514502286911011, 0.044610049575567245, -0.5034384727478027, 0.8439221382141113, 0.0008987011387944221, 0.002064524218440056, 0.0013014106079936028]
[datetime.datetime(2017, 5, 24, 21, 58, 48, 710223), 30.36198616027832, 29.610416412353516, 35.99592208862305, 1011.29345703125, 357.3441357961973, 329.15517648182964, 144.3656103730575, -74.65718841552734, -64.43607330322266, 0.4557785093784332, 0.045337386429309845, -0.5041621327400208, 0.8431911468505859, 0.00028768833726644516, -0.0003790147602558136, 0.00038534123450517654]
Writing to file..
[datetime.datetime(2017, 5, 24, 21, 58, 49, 775206), 30.414649963378906, 29.62708282470703, 35.67055892944336, 1011.27490234375, 357.33400577188456, 329.2615566781526, 144.35729120264844, -74.45801544189453, -64.48827362060547, 0.8016653656959534, 0.04509493708610535, -0.503197193145752, 0.842460036277771, 0.003036125563085079, 0.0008426886051893234, 7.993262261152267e-05]
[datetime.datetime(2017, 5, 24, 21, 58, 50, 837028), 30.291767120361328, 29.625, 35.55104064941406, 1011.272216796875, 357.41095105453593, 329.38102351692527, 144.2673102905227, -74.45462036132812, -64.06503295898438, 0.8142709732055664, 0.044367603957653046, -0.5024735331535339, 0.8419725894927979, 0.0008977185934782028, -0.00037919729948043823, 0.0009962040930986404]
[datetime.datetime(2017, 5, 24, 21, 58, 51, 902153), 30.43220329284668, 29.612499237060547, 35.90296173095703, 1011.2607421875, 357.4584142525217, 329.21580807109183, 144.49377204264363, -74.7362289428711, -64.31849670410156, 1.3488795757293701, 0.044852495193481445, -0.5041621327400208, 0.8412414789199829, 0.00028701405972242355, 0.0002314867451786995, -0.0008364962413907051]
[datetime.datetime(2017, 5, 24, 21, 58, 52, 973461), 30.32687759399414, 29.620834350585938, 35.497920989990234, 1011.2822265625, 357.503622207421, 329.1576319348363, 144.50638057185148, -74.78485107421875, -64.19734191894531, 1.1936581134796143, 0.045579832047224045, -0.5036796927452087, 0.8444095849990845, -0.0003236401826143265, -7.379148155450821e-05, -0.0002257348969578743]
[datetime.datetime(2017, 5, 24, 21, 58, 54, 40689), 30.32687759399414, 29.620834350585938, 35.74359893798828, 1011.275390625, 357.52049362844457, 329.1334701406474, 144.54707483892642, -74.3899917602539, -64.26701354980469, 0.7624270915985107, 0.044610049575567245, -0.503197193145752, 0.841728925704956, -0.0009344480931758881, -7.35865905880928e-05, 0.0006902022287249565]
Writing to file..
[datetime.datetime(2017, 5, 24, 21, 58, 55, 102062), 30.32687759399414, 29.637500762939453, 35.63404083251953, 1011.29150390625, 357.51039007111484, 329.1378175560541, 144.4584463042563, -74.5024642944336, -64.31282043457031, 0.5339865684509277, 0.044852495193481445, -0.5029560327529907, 0.8441658616065979, 0.00028710998594760895, -0.00037935376167297363, -0.00022594258189201355]
[datetime.datetime(2017, 5, 24, 21, 58, 56, 167506), 30.3970947265625, 29.647916793823242, 35.18252182006836, 1011.3037109375, 357.3623139177865, 329.1900889937722, 144.4781309094443, -74.75186920166016, -64.12678527832031, 0.12113387137651443, 0.044367603957653046, -0.5029560327529907, 0.8458718061447144, -0.0024617016315460205, 0.002369615249335766, -0.0005313251167535782]
[datetime.datetime(2017, 5, 24, 21, 58, 57, 236950), 30.379539489746094, 29.662500381469727, 35.823280334472656, 1011.310791015625, 357.2728719502749, 329.1533459911321, 144.47180615427285, -74.64543914794922, -64.17658233642578, -0.12508265674114227, 0.044610049575567245, -0.503197193145752, 0.8434348106384277, 0.0030359895899891853, 0.0026749959215521812, -0.0014475984498858452]
[datetime.datetime(2017, 5, 24, 21, 58, 58, 304169), 30.484867095947266, 29.668750762939453, 35.932838439941406, 1011.305908203125, 357.15951578293186, 329.28027822666763, 144.37297331698278, -74.49649810791016, -64.36458587646484, 0.17323151230812073, 0.04509493708610535, -0.5041621327400208, 0.842460036277771, 0.002730383537709713, 0.000842604786157608, -0.0014472901821136475]
[datetime.datetime(2017, 5, 24, 21, 58, 59, 369168), 30.379539489746094, 29.677082061767578, 36.02580261230469, 1011.298583984375, 357.1488412644762, 329.2998228129776, 144.40735648926463, -74.56413269042969, -64.36952209472656, 0.3651994466781616, 0.045822277665138245, -0.5041621327400208, 0.8422163128852844, -1.837499439716339e-05, -0.000989760272204876, -0.0011419868096709251]
Writing to file..
[datetime.datetime(2017, 5, 24, 21, 59, 0, 437901), 30.3970947265625, 29.674999237060547, 35.697120666503906, 1011.29150390625, 357.17165687106836, 329.41037283978886, 144.30431625544583, -74.57774353027344, -64.3009262084961, 0.30041712522506714, 0.044610049575567245, -0.5027147531509399, 0.8453843593597412, -0.001545916311442852, 0.0008421922102570534, 0.001606983132660389]
[datetime.datetime(2017, 5, 24, 21, 59, 1, 506908), 30.46731185913086, 29.674999237060547, 35.50456237792969, 1011.295166015625, 357.1590991413925, 329.3927782724869, 144.3276891627856, -74.24555969238281, -64.36895751953125, 0.20791570842266083, 0.044125158339738846, -0.5022323131561279, 0.8427037000656128, 0.0005920408293604851, 0.0014533139765262604, -0.0017525963485240936]
[datetime.datetime(2017, 5, 24, 21, 59, 2, 572765), 30.414649963378906, 29.679166793823242, 35.936161041259766, 1011.324462890625, 357.233255358985, 329.4430723704403, 144.36388916538667, -74.2104263305664, -64.45968627929688, 0.5287498831748962, 0.04364026337862015, -0.5029560327529907, 0.8409978151321411, 0.0012024762108922005, -0.002212032675743103, -0.00022548623383045197]
[datetime.datetime(2017, 5, 24, 21, 59, 3, 641852), 30.414649963378906, 29.681249618530273, 35.62739944458008, 1011.30224609375, 357.2215804312593, 329.4310888035415, 144.19109903976369, -74.5612564086914, -64.34796905517578, 0.3213059902191162, 0.044610049575567245, -0.5019910931587219, 0.8400230407714844, 0.0015078652650117874, -0.00037954002618789673, -0.0029738685116171837]
[datetime.datetime(2017, 5, 24, 21, 59, 4, 710268), 30.414649963378906, 29.674999237060547, 35.74028015136719, 1011.29638671875, 357.27351228050964, 329.42397174642633, 144.32555814376457, -74.60577392578125, -64.1282958984375, 0.040702953934669495, 0.044367603957653046, -0.503197193145752, 0.8436784744262695, 0.002118505537509918, -7.441546767950058e-05, 8.030235767364502e-05]
Writing to file..
[datetime.datetime(2017, 5, 24, 21, 59, 5, 770687), 30.344430923461914, 29.683334350585938, 35.65064239501953, 1011.266845703125, 357.23498617160936, 329.3685208556496, 144.36484539187046, -74.99208068847656, -64.17206573486328, 0.407123863697052, 0.043397821485996246, -0.503197193145752, 0.8448969721794128, 0.00028594210743904114, -0.0016011698171496391, 0.0013018278405070305]
[datetime.datetime(2017, 5, 24, 21, 59, 6, 839032), 30.519975662231445, 29.693750381469727, 35.717041015625, 1011.322265625, 357.21161112983543, 329.3537334960965, 144.35481867416888, -75.00910949707031, -64.21587371826172, 0.5199480056762695, 0.044125158339738846, -0.5034384727478027, 0.8427037000656128, 0.002118338830769062, -0.0019060652703046799, 0.0009965216740965843]
[datetime.datetime(2017, 5, 24, 21, 59, 7, 905036), 30.344430923461914, 29.691665649414062, 35.51784133911133, 1011.292724609375, 357.14476278776806, 329.34884991083993, 144.37218101503908, -74.61392974853516, -64.22813415527344, 0.6429558992385864, 0.044610049575567245, -0.5046445727348328, 0.8436784744262695, 0.0018131434917449951, -7.3213130235672e-05, -0.0011413805186748505]
[datetime.datetime(2017, 5, 24, 21, 59, 8, 962888), 30.414649963378906, 29.693750381469727, 35.810001373291016, 1011.30078125, 357.2058677945171, 329.27448622625144, 144.44445807683613, -74.55821990966797, -64.18806457519531, 0.6479604840278625, 0.044125158339738846, -0.5034384727478027, 0.8427037000656128, 0.00028603896498680115, 0.002675449475646019, 0.000691266730427742]
[datetime.datetime(2017, 5, 24, 21, 59, 10, 31684), 30.484867095947266, 29.695833206176758, 35.8332405090332, 1011.29931640625, 357.2856006481235, 329.2089266555031, 144.52908412065258, -74.97615051269531, -64.35662841796875, 0.4194122850894928, 0.04388270899653435, -0.503197193145752, 0.8427037000656128, 0.0008968329057097435, 0.0017590727657079697, -0.00022516027092933655]
Writing to file..
[datetime.datetime(2017, 5, 24, 21, 59, 11, 99924), 30.449758529663086, 29.681249618530273, 35.667240142822266, 1011.305908203125, 356.9374272728704, 329.1009277043468, 144.0940830327928, -74.9380874633789, -64.38990783691406, 0.5204253792762756, 0.029820848256349564, -0.4993376135826111, 0.8522078394889832, 0.0024241572245955467, 0.032600272446870804, -0.03624901920557022]
[datetime.datetime(2017, 5, 24, 21, 59, 12, 168880), 30.414649963378906, 29.679166793823242, 35.63072204589844, 1011.281494140625, 356.9496507501638, 329.1622047464856, 144.00725766806363, -74.72950744628906, -64.24272918701172, 0.3725585639476776, 0.04509493708610535, -0.5041621327400208, 0.8414852023124695, -0.0015466129407286644, 0.0014463253319263458, 9.743217378854752e-05]
[datetime.datetime(2017, 5, 24, 21, 59, 13, 234641), 30.36198616027832, 29.647916793823242, 35.87308120727539, 1011.279052734375, 356.98308303204715, 329.2052964099592, 143.96900860871156, -74.57384490966797, -64.58100128173828, 0.6963008642196655, 0.045337386429309845, -0.5046445727348328, 0.8429474234580994, 0.0018126638606190681, -8.088815957307816e-05, 0.0007084188982844353]
[datetime.datetime(2017, 5, 24, 21, 59, 14, 302962), 30.344430923461914, 29.635417938232422, 35.81996154785156, 1011.28955078125, 356.9532980711806, 329.23797886513773, 143.85368769476506, -74.55355834960938, -64.64221954345703, 0.649233877658844, 0.044610049575567245, -0.5058506727218628, 0.8400230407714844, 0.001506931148469448, -8.08611512184143e-05, 0.0007085148245096207]
[datetime.datetime(2017, 5, 24, 21, 59, 15, 371600), 30.379539489746094, 29.65625, 35.89963912963867, 1011.28173828125, 356.96128362953743, 329.11126861075024, 143.8773611304283, -74.6389389038086, -64.52381134033203, 0.8846478462219238, 0.044125158339738846, -0.5048857927322388, 0.840266764163971, 0.00456116022542119, -0.0013023586943745613, 0.001013685017824173]
Writing to file..
[datetime.datetime(2017, 5, 24, 21, 59, 16, 429342), 30.43220329284668, 29.637500762939453, 35.67055892944336, 1011.30224609375, 357.0236112401479, 328.9810169032781, 143.89845275458532, -74.64832305908203, -64.39511108398438, 0.7063167095184326, 0.045579832047224045, -0.5039209127426147, 0.8383171558380127, -0.0027691638097167015, 0.001446613110601902, 0.0007083220407366753]
[datetime.datetime(2017, 5, 24, 21, 59, 17, 498381), 30.36198616027832, 29.643749237060547, 35.99592208862305, 1011.309326171875, 356.95460711962374, 329.03441190711465, 143.94746619206933, -74.7687759399414, -64.13839721679688, 0.4989708364009857, 0.04606472700834274, -0.5051270127296448, 0.8380734324455261, 0.0024225804954767227, 0.0014465879648923874, -0.0005134930834174156]
[datetime.datetime(2017, 5, 24, 21, 59, 18, 556706), 30.43220329284668, 29.652084350585938, 35.932838439941406, 1011.318115234375, 357.019440555886, 329.2291918267705, 143.90532392489035, -74.5124740600586, -63.99325942993164, 0.14634355902671814, 0.043397821485996246, -0.5048857927322388, 0.8419725894927979, 0.0015059560537338257, 0.00022493582218885422, -0.0014295410364866257]
[datetime.datetime(2017, 5, 24, 21, 59, 19, 625221), 30.379539489746094, 29.652084350585938, 35.5809211730957, 1011.2783203125, 357.0289942829875, 329.32021775783926, 143.89507864113534, -74.34140014648438, -64.20722198486328, 0.19239231944084167, 0.044610049575567245, -0.5044033527374268, 0.8434348106384277, -0.0015489272773265839, 0.0005301646888256073, -0.0008184518665075302]
[datetime.datetime(2017, 5, 24, 21, 59, 20, 683781), 30.43220329284668, 29.662500381469727, 35.89963912963867, 1011.292724609375, 357.0479495520382, 329.34955683541904, 144.04112174596855, -74.68571472167969, -64.37239074707031, 0.3293590545654297, 0.044610049575567245, -0.5041621327400208, 0.8407540917396545, 0.0015050210058689117, 0.00022475887089967728, 0.0007082931697368622]
Writing to file..
[datetime.datetime(2017, 5, 24, 21, 59, 21, 753164), 30.309322357177734, 29.660415649414062, 35.70376205444336, 1011.29443359375, 357.0229837165179, 329.40815985849775, 144.10353601460412, -74.56917572021484, -64.20913696289062, -0.30276086926460266, 0.04509493708610535, -0.5053682327270508, 0.841728925704956, 0.0005883453413844109, -8.085090667009354e-05, -0.00020793359726667404]
[datetime.datetime(2017, 5, 24, 21, 59, 22, 816125), 30.344430923461914, 29.641666412353516, 35.750240325927734, 1011.2919921875, 357.08904551961365, 329.4346405019099, 143.96068943830247, -74.57256317138672, -64.03852844238281, -0.021372677758336067, 0.04388270899653435, -0.5024735331535339, 0.840266764163971, -0.0015495726838707924, -0.0031349454075098038, 0.00131937675178051]
[datetime.datetime(2017, 5, 24, 21, 59, 23, 873490), 30.3970947265625, 29.65625, 35.8531608581543, 1011.28515625, 357.01606046602046, 329.4286333505349, 143.83386648579366, -74.31623840332031, -64.18859100341797, 0.2158183753490448, 0.045337386429309845, -0.5036796927452087, 0.8400230407714844, 0.0008940743282437325, 0.00022484082728624344, -0.002039901912212372]
[datetime.datetime(2017, 5, 24, 21, 59, 24, 937901), 30.414649963378906, 29.674999237060547, 35.713722229003906, 1011.3056640625, 357.14574590812174, 329.3478834390724, 143.78839108629973, -74.07984161376953, -64.37255096435547, -0.05205528438091278, 0.045579832047224045, -0.5036796927452087, 0.8429474234580994, -0.002770748920738697, -0.0016078045591711998, 0.0013195676729083061]
[datetime.datetime(2017, 5, 24, 21, 59, 26, 7913), 30.344430923461914, 29.681249618530273, 35.893001556396484, 1011.283935546875, 357.1942869953359, 329.2728503959452, 143.81385403152555, -74.11955261230469, -64.4597396850586, -0.12334873527288437, 0.04606472700834274, -0.5044033527374268, 0.840266764163971, -0.00032715126872062683, -0.0013023177161812782, -0.0017344830557703972]
Writing to file..
[datetime.datetime(2017, 5, 24, 21, 59, 27, 65583), 30.36198616027832, 29.670833587646484, 35.972679138183594, 1011.26513671875, 357.15051444737946, 329.14285823566155, 143.91186724611524, -74.24842834472656, -64.32949829101562, 0.023860877379775047, 0.04509493708610535, -0.5044033527374268, 0.8422163128852844, 0.004559624474495649, -0.0006911950185894966, -0.0011237552389502525]
[datetime.datetime(2017, 5, 24, 21, 59, 28, 134941), 30.274213790893555, 29.681249618530273, 35.95940017700195, 1011.296875, 357.1736523535231, 329.25785813071707, 143.93661985166736, -74.1725845336914, -64.42182159423828, 0.18167473375797272, 0.044125158339738846, -0.5056095123291016, 0.8419725894927979, -2.1959654986858368e-05, -0.001607620157301426, -0.0011235317215323448]
[datetime.datetime(2017, 5, 24, 21, 59, 29, 201060), 30.344430923461914, 29.679166793823242, 35.823280334472656, 1011.28662109375, 357.15993605300923, 329.15252636843167, 143.84890656234606, -74.10011291503906, -64.66336822509766, 0.06759893894195557, 0.04315537214279175, -0.5046445727348328, 0.8400230407714844, -0.000632869079709053, 0.0005302811041474342, 0.0004039835184812546]
[datetime.datetime(2017, 5, 24, 21, 59, 30, 269498), 30.344430923461914, 29.679166793823242, 36.06563949584961, 1011.280029296875, 357.16584587418856, 329.1866636539034, 143.72764338382163, -74.03781127929688, -64.71774291992188, 0.14908835291862488, 0.044852495193481445, -0.5034384727478027, 0.8441658616065979, -0.0015491591766476631, -0.00038611702620983124, -0.0038717985153198242]
[datetime.datetime(2017, 5, 24, 21, 59, 31, 336997), 30.344430923461914, 29.666667938232422, 35.64731979370117, 1011.281982421875, 357.09572587150876, 329.14496876411505, 143.6708025495488, -74.28265380859375, -64.6307144165039, 0.7433050274848938, 0.047034505754709244, -0.5044033527374268, 0.8422163128852844, -2.1783635020256042e-05, 0.0011406876146793365, -0.00020666513592004776]
Writing to file..
[datetime.datetime(2017, 5, 24, 21, 59, 32, 405712), 30.274213790893555, 29.635417938232422, 35.13603973388672, 1011.306884765625, 357.16168287388945, 329.14511219808765, 143.77982602908054, -74.18067169189453, -64.43289184570312, 0.3451220989227295, 0.04388270899653435, -0.5046445727348328, 0.8407540917396545, -0.00032685045152902603, -0.002524297684431076, 0.0010145697742700577]
[datetime.datetime(2017, 5, 24, 21, 59, 33, 472542), 30.309322357177734, 29.604167938232422, 35.61743927001953, 1011.26318359375, 357.0640946251322, 328.91750638928073, 143.78884187878495, -74.2006607055664, -64.46852111816406, 0.14371520280838013, 0.04388270899653435, -0.5070568323135376, 0.839535653591156, 0.002727484330534935, -0.0009968504309654236, -0.00020680855959653854]
[datetime.datetime(2017, 5, 24, 21, 59, 34, 541112), 30.379539489746094, 29.604167938232422, 36.00920104980469, 1011.269287109375, 357.1873204158259, 329.0791837971241, 143.8537013551434, -74.2668228149414, -64.0245132446289, 0.9512516260147095, 0.045822277665138245, -0.5063331723213196, 0.8431911468505859, 0.00028374791145324707, -0.0009967973455786705, 0.0022361567243933678]
[datetime.datetime(2017, 5, 24, 21, 59, 35, 609644), 30.203994750976562, 29.583332061767578, 35.780120849609375, 1011.29833984375, 357.15063077403875, 329.21521725972866, 143.73909078087058, -73.89018249511719, -64.38243103027344, 0.6128193140029907, 0.04606472700834274, -0.5060919523239136, 0.839535653591156, 0.000283549539744854, -0.0006912620738148689, 9.847898036241531e-05]
[datetime.datetime(2017, 5, 24, 21, 59, 36, 678150), 30.309322357177734, 29.572917938232422, 35.74359893798828, 1011.291748046875, 357.03006427480966, 329.22596797748224, 143.88195101755056, -74.07951354980469, -64.53738403320312, 0.5903062224388123, 0.045337386429309845, -0.5039209127426147, 0.839535653591156, 0.0005888612940907478, -0.0019122976809740067, -0.0026502422988414764]
Writing to file..
[datetime.datetime(2017, 5, 24, 21, 59, 37, 739415), 30.168886184692383, 29.545833587646484, 36.15528106689453, 1011.28857421875, 356.9848174732095, 329.27651820752953, 143.8903521502297, -74.08966064453125, -64.59017944335938, 0.8624494075775146, 0.04388270899653435, -0.5039209127426147, 0.8385608196258545, -0.0015490557998418808, -0.0013011740520596504, 0.0007094321772456169]
[datetime.datetime(2017, 5, 24, 21, 59, 38, 804829), 30.239105224609375, 29.52916717529297, 35.67055892944336, 1011.2890625, 356.82471677184736, 329.3203646069064, 144.00492174336748, -74.18334197998047, -64.0763168334961, 1.3399455547332764, 0.045822277665138245, -0.503197193145752, 0.8380734324455261, -0.0009383363649249077, -0.003133051097393036, -0.00020689796656370163]
[datetime.datetime(2017, 5, 24, 21, 59, 39, 866559), 30.22154998779297, 29.535415649414062, 36.07891845703125, 1011.302001953125, 356.88372341641735, 329.32891941884185, 144.04923601070251, -74.0184555053711, -64.2280502319336, 1.0818135738372803, 0.045337386429309845, -0.5034384727478027, 0.842460036277771, 0.0015050042420625687, -0.0006894087418913841, -0.0002069557085633278]
[datetime.datetime(2017, 5, 24, 21, 59, 40, 931239), 30.25665855407715, 29.539583206176758, 35.839881896972656, 1011.31005859375, 356.8981818596732, 329.35939913801303, 143.99432128977563, -74.16980743408203, -64.35230255126953, 0.6301436424255371, 0.044852495193481445, -0.5046445727348328, 0.8388045430183411, -0.0015490837395191193, -0.0006892280653119087, -0.002650246024131775]
[datetime.datetime(2017, 5, 24, 21, 59, 41, 999638), 30.25665855407715, 29.547916412353516, 35.876399993896484, 1011.294677734375, 356.8659734623118, 329.3082034550892, 143.99929366749137, -74.3143310546875, -64.43897247314453, 0.3755268454551697, 0.04630717262625694, -0.5046445727348328, 0.8407540917396545, -0.0003270888701081276, -0.0006888415664434433, 0.0007094023749232292]
Writing to file..
[datetime.datetime(2017, 5, 24, 21, 59, 43, 67908), 30.203994750976562, 29.556249618530273, 35.683841705322266, 1011.275390625, 356.9203012138569, 329.19220635241487, 144.04449585941853, -74.39177703857422, -64.3665771484375, 0.5388489365577698, 0.046792060136795044, -0.5048857927322388, 0.8427037000656128, 0.0002838354557752609, 0.0005330182611942291, -0.0020394213497638702]
[datetime.datetime(2017, 5, 24, 21, 59, 44, 126155), 30.239105224609375, 29.577083587646484, 35.700439453125, 1011.291015625, 356.9656769352776, 329.0597997202596, 144.00464853580067, -74.25348663330078, -64.35880279541016, 0.5294899344444275, 0.045337386429309845, -0.5024735331535339, 0.841728925704956, -0.0018539810553193092, 0.0008384259417653084, -0.0005121370777487755]
[datetime.datetime(2017, 5, 24, 21, 59, 45, 184994), 30.25665855407715, 29.587499618530273, 35.823280334472656, 1011.275634765625, 356.9229765135774, 329.0330048881456, 144.14265933816995, -74.2202377319336, -64.40286254882812, 0.8197559118270874, 0.045822277665138245, -0.5051270127296448, 0.8400230407714844, 0.0005895635113120079, -0.00038320012390613556, 0.002541924826800823]
[datetime.datetime(2017, 5, 24, 21, 59, 46, 254949), 30.239105224609375, 29.59375, 36.032440185546875, 1011.281982421875, 356.9535576183691, 329.14767010393183, 144.21613851326094, -74.33917236328125, -64.34296417236328, 0.7613473534584045, 0.045579832047224045, -0.5044033527374268, 0.839535653591156, 0.0005893399938941002, -0.0012992145493626595, 0.0013202130794525146]
[datetime.datetime(2017, 5, 24, 21, 59, 47, 323481), 30.291767120361328, 29.581249237060547, 35.876399993896484, 1011.28955078125, 356.98948846882814, 329.1194306868084, 144.2918170092647, -74.51457977294922, -64.34979248046875, 0.32761460542678833, 0.046549614518880844, -0.5058506727218628, 0.8397793769836426, 0.0015053637325763702, -0.0012990348041057587, -0.0011234106495976448]
Writing to file..
[datetime.datetime(2017, 5, 24, 21, 59, 48, 390812), 30.36198616027832, 29.59166717529297, 35.8531608581543, 1011.334716796875, 356.83030685479616, 329.12993551775185, 144.25449685563973, -74.59065246582031, -64.39054870605469, -0.01968894898891449, 0.04727695509791374, -0.5056095123291016, 0.8414852023124695, -2.1818093955516815e-05, -0.001604236662387848, 0.0004037972539663315]
[datetime.datetime(2017, 5, 24, 21, 59, 49, 460645), 30.274213790893555, 29.602083206176758, 35.74359893798828, 1011.32470703125, 356.929124537604, 329.10196589310067, 144.27000138505568, -74.44770050048828, -64.66152954101562, 0.22920773923397064, 0.04509493708610535, -0.5041621327400208, 0.8414852023124695, 0.0027269553393125534, -0.001909489743411541, 0.0022361036390066147]
[datetime.datetime(2017, 5, 24, 21, 59, 50, 526514), 30.309322357177734, 29.577083587646484, 35.51784133911133, 1011.331787109375, 357.0209306043421, 329.1876745219006, 144.2147178339136, -74.48008728027344, -64.68085479736328, 0.4211385250091553, 0.045822277665138245, -0.5053682327270508, 0.841728925704956, 0.0018100989982485771, -0.001298803836107254, 0.0016252817586064339]
[datetime.datetime(2017, 5, 24, 21, 59, 51, 592021), 30.25665855407715, 29.568750381469727, 35.85647964477539, 1011.329833984375, 356.9850097857233, 329.0977380060044, 144.10139133520474, -74.50741577148438, -64.42430877685547, 0.26097723841667175, 0.044852495193481445, -0.5048857927322388, 0.8383171558380127, 0.003947904333472252, -0.0016039786860346794, -0.0014287950471043587]
[datetime.datetime(2017, 5, 24, 21, 59, 52, 662976), 30.25665855407715, 29.549999237060547, 35.99259948730469, 1011.281005859375, 356.98511544021204, 329.07755479700705, 144.05826552078528, -74.62203979492188, -64.41646575927734, 0.47087469696998596, 0.044367603957653046, -0.5046445727348328, 0.8400230407714844, -0.0003280928358435631, -0.0003821197897195816, -0.0011231126263737679]
Writing to file..
[datetime.datetime(2017, 5, 24, 21, 59, 53, 729138), 30.239105224609375, 29.53333282470703, 35.9693603515625, 1011.31884765625, 357.07417470368665, 329.08729123166887, 144.03698265133153, -74.43801879882812, -64.52322387695312, 0.6424260139465332, 0.04606472700834274, -0.5060919523239136, 0.8407540917396545, -2.2807158529758453e-05, 0.00022879615426063538, -0.0014285780489444733]
[datetime.datetime(2017, 5, 24, 21, 59, 54, 792535), 30.291767120361328, 29.527084350585938, 35.50456237792969, 1011.305908203125, 357.0153932419159, 329.112142874964, 144.0547548035519, -74.37401580810547, -64.3194808959961, 0.6648697853088379, 0.04364026337862015, -0.5041621327400208, 0.8414852023124695, 0.0027258628979325294, 0.0005343575030565262, -0.0014281747862696648]
[datetime.datetime(2017, 5, 24, 21, 59, 55, 857599), 30.18644142150879, 29.52916717529297, 35.75355911254883, 1011.29638671875, 357.072795859248, 329.179416823194, 143.98512785515277, -74.57962036132812, -64.17237091064453, 0.19417591392993927, 0.04509493708610535, -0.5051270127296448, 0.8412414789199829, -0.0024664578959345818, -0.0006872955709695816, -0.0005118576809763908]
[datetime.datetime(2017, 5, 24, 21, 59, 56, 935367), 30.081113815307617, 29.516666412353516, 36.045719146728516, 1011.28173828125, 357.1995624626961, 329.13071074422265, 144.04568431233412, -74.57450866699219, -64.33296203613281, 0.03716070577502251, 0.044367603957653046, -0.5046445727348328, 0.8422163128852844, 0.000892949290573597, -0.0009927265346050262, -0.00020650867372751236]
[datetime.datetime(2017, 5, 24, 21, 59, 58, 625), 30.239105224609375, 29.53125, 35.972679138183594, 1011.269775390625, 357.2679076834088, 329.176742804134, 144.08029971104773, -74.46784210205078, -64.17430114746094, 0.5099109411239624, 0.04388270899653435, -0.5044033527374268, 0.840266764163971, -0.0006342325359582901, 0.0008397148922085762, 0.0019313059747219086]
Writing to file..
[datetime.datetime(2017, 5, 24, 21, 59, 59, 63464), 30.239105224609375, 29.527084350585938, 36.098838806152344, 1011.26025390625, 357.3083761273543, 328.9680907702738, 144.11834386472472, -74.3707275390625, -64.0455322265625, -0.049608297646045685, 0.04388270899653435, -0.5063331723213196, 0.8414852023124695, -0.0003286898136138916, -0.0003818618133664131, -0.0005125477910041809]
[datetime.datetime(2017, 5, 24, 22, 0, 0, 130757), 30.18644142150879, 29.485416412353516, 35.81996154785156, 1011.263427734375, 357.27088820720786, 329.0461120211629, 144.25384115747943, -74.4171142578125, -64.31118774414062, -0.029113944619894028, 0.04606472700834274, -0.5056095123291016, 0.8407540917396545, -0.0009398302063345909, -0.00038150325417518616, -0.0008180402219295502]
[datetime.datetime(2017, 5, 24, 22, 0, 1, 197926), 30.168886184692383, 29.481250762939453, 35.99259948730469, 1011.310791015625, 357.2838621515363, 328.85948051718685, 144.25642296898567, -74.59362030029297, -64.7249984741211, 0.14870023727416992, 0.046792060136795044, -0.5041621327400208, 0.840266764163971, 0.0008931327611207962, -0.002824656665325165, 0.0025413772091269493]
[datetime.datetime(2017, 5, 24, 22, 0, 2, 262661), 30.116222381591797, 29.46875, 36.005882263183594, 1011.302490234375, 357.29596908872696, 329.0548102670709, 144.36002327831645, -74.8951416015625, -64.65926361083984, 0.3282008469104767, 0.045822277665138245, -0.5056095123291016, 0.8380734324455261, 0.0024195853620767593, -0.00038099009543657303, 0.001013951376080513]
[datetime.datetime(2017, 5, 24, 22, 0, 3, 332320), 30.18644142150879, 29.462499618530273, 35.806678771972656, 1011.2939453125, 357.402597733181, 328.8362510438197, 144.46179309694963, -74.99861907958984, -64.30929565429688, 0.5505298376083374, 0.04509493708610535, -0.5034384727478027, 0.8378297090530396, -0.0015505682677030563, -0.00068629439920187, 9.744055569171906e-05]
Writing to file..
[datetime.datetime(2017, 5, 24, 22, 0, 4, 393488), 30.133777618408203, 29.456249237060547, 35.75688171386719, 1011.3037109375, 357.46774066239, 328.7258615264539, 144.4787456264696, -74.85771942138672, -64.02460479736328, 0.5228366851806641, 0.045579832047224045, -0.5048857927322388, 0.8392919301986694, 0.0011982312425971031, -7.563363760709763e-05, -0.000513661652803421]
[datetime.datetime(2017, 5, 24, 22, 0, 5, 458888), 30.18644142150879, 29.43958282470703, 35.796722412109375, 1011.293701171875, 357.5231962489218, 328.94331084396504, 144.41679581069758, -74.63270568847656, -64.30061340332031, 0.3331572413444519, 0.045337386429309845, -0.5056095123291016, 0.8431911468505859, 0.0015031835064291954, -0.0012974413111805916, -0.001429685391485691]
[datetime.datetime(2017, 5, 24, 22, 0, 6, 520501), 30.168886184692383, 29.46666717529297, 36.16191864013672, 1011.296875, 357.52958204890894, 328.9116392567837, 144.47145098443602, -74.50006866455078, -64.26338195800781, 0.7959703207015991, 0.044852495193481445, -0.5053682327270508, 0.839535653591156, -0.0006348630413413048, 0.0017568832263350487, -0.0023461701348423958]
[datetime.datetime(2017, 5, 24, 22, 0, 7, 585381), 30.081113815307617, 29.475000381469727, 35.736961364746094, 1011.312255859375, 357.4786655499674, 328.99442456461884, 144.40429656451647, -74.53314208984375, -64.2744140625, 0.7280824780464172, 0.044610049575567245, -0.5048857927322388, 0.840266764163971, -0.0006347782909870148, 0.00022966787219047546, -0.002345740795135498]
[datetime.datetime(2017, 5, 24, 22, 0, 8, 653465), 30.18644142150879, 29.481250762939453, 35.90296173095703, 1011.27490234375, 357.60154022624914, 328.9552295240667, 144.47448358842752, -74.4609146118164, -64.26615905761719, 0.39644140005111694, 0.045337386429309845, -0.5029560327529907, 0.8370987176895142, -2.3827888071537018e-05, -0.0006867572665214539, -0.0008184555917978287]
Writing to file..
[datetime.datetime(2017, 5, 24, 22, 0, 9, 721846), 30.133777618408203, 29.462499618530273, 35.73031997680664, 1011.27001953125, 357.5484427625283, 328.99246088523245, 144.43309264205723, -74.38404846191406, -64.46160125732422, 1.0977202653884888, 0.04364026337862015, -0.5053682327270508, 0.839535653591156, 0.0005868133157491684, -0.0009920867159962654, 0.0010140808299183846]
[datetime.datetime(2017, 5, 24, 22, 0, 10, 788751), 30.15133285522461, 29.454166412353516, 35.876399993896484, 1011.30126953125, 357.5487908887325, 329.13481568791383, 144.41406373502957, -74.52652740478516, -64.6651840209961, 0.9945491552352905, 0.045579832047224045, -0.5046445727348328, 0.8375861048698425, -0.002162226475775242, 0.001145659014582634, -0.0005129361525177956]
[datetime.datetime(2017, 5, 24, 22, 0, 11, 858323), 30.081113815307617, 29.458332061767578, 36.03908157348633, 1011.265625, 357.36662334026596, 329.15334940622665, 144.55790751895006, -74.40352630615234, -64.38314056396484, 0.9963384866714478, 0.045337386429309845, -0.5051270127296448, 0.8400230407714844, 0.0021134279668331146, -0.0009919321164488792, 0.0016246223822236061]
[datetime.datetime(2017, 5, 24, 22, 0, 12, 919075), 30.15133285522461, 29.447917938232422, 36.1220817565918, 1011.256591796875, 357.40519597982995, 329.1941597865175, 144.54490283877035, -74.48706817626953, -64.20164489746094, 0.7926640510559082, 0.04606472700834274, -0.5058506727218628, 0.8422163128852844, -0.0021624919027090073, -0.0006866287440061569, 0.0007084980607032776]
[datetime.datetime(2017, 5, 24, 22, 0, 13, 983459), 30.116222381591797, 29.462499618530273, 36.34120178222656, 1011.2763671875, 357.417350301458, 329.128634366715, 144.4131484896808, -74.66326904296875, -64.14320373535156, 0.10833024233579636, 0.044852495193481445, -0.5024735331535339, 0.8375861048698425, -2.4429522454738617e-05, -0.0009922655299305916, 0.0019298102706670761]
Writing to file..
[datetime.datetime(2017, 5, 24, 22, 0, 15, 52342), 30.203994750976562, 29.445833206176758, 35.95608139038086, 1011.285400390625, 357.3821107942089, 329.24236384658485, 144.3848578461386, -74.4459457397461, -64.09495544433594, 0.4408695101737976, 0.045337386429309845, -0.5039209127426147, 0.841728925704956, -0.0021625282242894173, 0.0008402261883020401, 0.00040243472903966904]
[datetime.datetime(2017, 5, 24, 22, 0, 16, 121089), 30.046005249023438, 29.445833206176758, 35.733642578125, 1011.28662109375, 357.37509704370495, 329.169755520613, 144.40624999861907, -74.17529296875, -64.05046844482422, 0.5931580066680908, 0.04388270899653435, -0.5046445727348328, 0.837342381477356, -0.0009407894685864449, 0.003283455967903137, -0.00020828191190958023]
[datetime.datetime(2017, 5, 24, 22, 0, 17, 187112), 30.133777618408203, 29.431249618530273, 36.10879898071289, 1011.30908203125, 357.2762789340103, 329.3319007964146, 144.28245965010177, -74.22853088378906, -64.45196533203125, 0.40472400188446045, 0.044610049575567245, -0.5051270127296448, 0.839535653591156, -0.0018572574481368065, 0.0008399691432714462, -0.0014296099543571472]
[datetime.datetime(2017, 5, 24, 22, 0, 18, 255704), 30.133777618408203, 29.431249618530273, 36.21171951293945, 1011.292236328125, 357.3095867783847, 329.39178789505723, 144.20739587112334, -74.56619262695312, -64.63589477539062, 0.38375040888786316, 0.04630717262625694, -0.5065743923187256, 0.8419725894927979, -0.002468063496053219, 0.0005346387624740601, 0.0004027988761663437]
[datetime.datetime(2017, 5, 24, 22, 0, 19, 316914), 30.168886184692383, 29.429166793823242, 35.75355911254883, 1011.29296875, 357.2929416073774, 329.3230796071015, 144.23459368439833, -74.57189178466797, -64.62113952636719, 0.40192240476608276, 0.044610049575567245, -0.503197193145752, 0.840266764163971, -2.469681203365326e-05, -0.0009921891614794731, 0.00040256138890981674]
Writing to file..
[datetime.datetime(2017, 5, 24, 22, 0, 20, 381798), 30.133777618408203, 29.441665649414062, 36.26816177368164, 1011.28466796875, 357.24671019131966, 329.4079720282956, 144.22023662676295, -74.91497039794922, -64.6573486328125, 0.5789094567298889, 0.044367603957653046, -0.5053682327270508, 0.8407540917396545, 0.0011969143524765968, 0.0008406881242990494, 9.70698893070221e-05]
[datetime.datetime(2017, 5, 24, 22, 0, 21, 451117), 30.116222381591797, 29.431249618530273, 35.97600173950195, 1011.28662109375, 357.3494155324257, 329.4487380123568, 144.2497020628424, -74.90684509277344, -64.560791015625, 0.4148330092430115, 0.045579832047224045, -0.5027147531509399, 0.8388045430183411, 0.000280626118183136, -0.0016025668010115623, 0.0004022391512989998]
[datetime.datetime(2017, 5, 24, 22, 0, 22, 512974), 30.098669052124023, 29.43958282470703, 35.93947982788086, 1011.31494140625, 357.3311200169602, 329.3365180042935, 144.00162959218753, -74.14262390136719, -64.35930633544922, 0.04184957221150398, 0.045579832047224045, -0.5044033527374268, 0.8453843593597412, 0.004251257516443729, -0.000991753302514553, -0.0005137836560606956]
[datetime.datetime(2017, 5, 24, 22, 0, 23, 577807), 30.15133285522461, 29.443750381469727, 36.02580261230469, 1011.32080078125, 357.3122765922572, 329.33331123047816, 143.9729837788085, -74.39695739746094, -64.2576675415039, 0.1045912504196167, 0.043397821485996246, -0.5058506727218628, 0.841728925704956, 0.0005861250683665276, -0.0003810422495007515, 9.686872363090515e-05]
[datetime.datetime(2017, 5, 24, 22, 0, 24, 646156), 30.22154998779297, 29.447917938232422, 35.68716049194336, 1011.331298828125, 357.4140146078221, 329.2791341699816, 143.76814640559982, -74.2910385131836, -64.32442474365234, 0.08016758412122726, 0.045337386429309845, -0.5053682327270508, 0.8427037000656128, 0.0015021227300167084, 0.0014510154724121094, -0.0014300188049674034]
Writing to file..
[datetime.datetime(2017, 5, 24, 22, 0, 25, 703850), 30.168886184692383, 29.43541717529297, 35.79008102416992, 1011.32861328125, 357.53912766516083, 329.3507316279563, 143.72970610095098, -74.12718963623047, -64.20521545410156, 0.06460271775722504, 0.045579832047224045, -0.5046445727348328, 0.8407540917396545, 0.000891110859811306, -7.632840424776077e-05, -0.0005136765539646149]
[datetime.datetime(2017, 5, 24, 22, 0, 26, 772672), 30.18644142150879, 29.43541717529297, 36.049041748046875, 1011.322021484375, 357.5577145308831, 329.41191304744666, 143.77437553812285, -74.23680114746094, -64.12653350830078, -0.0918986052274704, 0.045337386429309845, -0.5039209127426147, 0.8412414789199829, 0.0011961404234170914, 0.0011451449245214462, -0.0014300085604190826]
[datetime.datetime(2017, 5, 24, 22, 0, 27, 839440), 30.098669052124023, 29.447917938232422, 35.87308120727539, 1011.310791015625, 357.5998235008899, 329.3875361022989, 143.82353923976862, -74.46416473388672, -64.04149627685547, 0.14052486419677734, 0.045337386429309845, -0.5048857927322388, 0.8412414789199829, 0.001196148805320263, 0.0017557274550199509, 0.0004025297239422798]
[datetime.datetime(2017, 5, 24, 22, 0, 28, 908263), 30.18644142150879, 29.464584350585938, 35.889678955078125, 1011.319091796875, 357.5558182996148, 329.4583412583298, 143.95553947566827, -74.72843170166016, -64.20182800292969, 0.279586523771286, 0.04509493708610535, -0.5044033527374268, 0.8385608196258545, 0.0011961059644818306, -0.0012983419001102448, -0.0017351452261209488]
[datetime.datetime(2017, 5, 24, 22, 0, 29, 976914), 30.098669052124023, 29.424999237060547, 35.62076187133789, 1011.347900390625, 357.5951604026775, 329.4790982032175, 143.9412780406813, -74.71832275390625, -64.37791442871094, 0.16153091192245483, 0.044125158339738846, -0.5036796927452087, 0.8429474234580994, 0.0021123606711626053, 0.0011448115110397339, -0.001734921708703041]
Writing to file..
[datetime.datetime(2017, 5, 24, 22, 0, 31, 34368), 29.975788116455078, 29.34583282470703, 35.99259948730469, 1011.330322265625, 357.63000717404924, 329.6287203271758, 144.04841638800212, -74.60846710205078, -64.40625762939453, 0.29814672470092773, 0.04315537214279175, -0.5053682327270508, 0.8427037000656128, -0.002774578519165516, 0.0026717185974121094, -0.0011240895837545395]
[datetime.datetime(2017, 5, 24, 22, 0, 32, 110775), 30.116222381591797, 29.347915649414062, 35.84320068359375, 1011.32470703125, 357.60781375500176, 329.5764898705927, 144.08157012623337, -74.63372802734375, -64.42761993408203, 0.35372382402420044, 0.043397821485996246, -0.5053682327270508, 0.841728925704956, 0.002112196758389473, 0.0005335621535778046, 0.0019298717379570007]
[datetime.datetime(2017, 5, 24, 22, 0, 33, 180253), 30.02845001220703, 29.350000381469727, 35.92951965332031, 1011.305908203125, 357.64562482847333, 329.477892674829, 144.084247560388, -74.79667663574219, -64.3795166015625, 0.4943973124027252, 0.045579832047224045, -0.5027147531509399, 0.8390482664108276, 0.0005848370492458344, 0.0005334597080945969, -0.000513673759996891]
[datetime.datetime(2017, 5, 24, 22, 0, 34, 241913), 29.975788116455078, 29.356250762939453, 36.01251983642578, 1011.314697265625, 357.6466083757138, 329.53295424482303, 144.07319631431093, -74.69076538085938, -64.37215423583984, 0.8415148854255676, 0.044367603957653046, -0.5041621327400208, 0.8380734324455261, 0.003028128296136856, 0.0008385330438613892, 9.741540998220444e-05]
[datetime.datetime(2017, 5, 24, 22, 0, 35, 316169), 29.975788116455078, 29.360416412353516, 35.88304138183594, 1011.300537109375, 357.70359648594064, 329.454389993895, 143.9896084592483, -74.54352569580078, -64.13843536376953, 0.29520419239997864, 0.04509493708610535, -0.5051270127296448, 0.8409978151321411, -0.0012476630508899689, 0.0017541386187076569, -0.0020404402166604996]
Writing to file..
[datetime.datetime(2017, 5, 24, 22, 0, 36, 378540), 29.975788116455078, 29.356250762939453, 36.0855598449707, 1011.32177734375, 357.7375886298925, 329.31448039893644, 143.94092287084445, -74.4577407836914, -64.16002655029297, 0.8850239515304565, 0.04509493708610535, -0.5044033527374268, 0.841728925704956, 0.0036394214257597923, -0.001300315372645855, -0.0002073897048830986]
[datetime.datetime(2017, 5, 24, 22, 0, 37, 458084), 30.098669052124023, 29.362499237060547, 35.806678771972656, 1011.320068359375, 357.7737502126795, 329.25462403614506, 143.9176592465314, -74.51252746582031, -64.3803482055664, 1.237244725227356, 0.04606472700834274, -0.5048857927322388, 0.8407540917396545, 0.001806243322789669, 0.0008374815806746483, 0.000403442420065403]
[datetime.datetime(2017, 5, 24, 22, 0, 38, 526791), 30.046005249023438, 29.375, 36.14200210571289, 1011.297119140625, 357.84901228058726, 329.20797042901927, 143.92815041709653, -74.41011047363281, -64.47920227050781, 0.9869679808616638, 0.044852495193481445, -0.5041621327400208, 0.8434348106384277, 0.002722